32 32
71 69 88 6 71 80 16 18 68 51 60 18 99 33 94 13 58 90 49 91 3 83 87 54 76 78 64 73 70 22 67 75
34 87 49 20 41 5 85 58 12 66 75 66 90 94 100 48 38 80 86 93 19 21 27 7 15 15 83 56 50 31 20 24
38 43 90 65 7 15 52 93 49 99 37 42 38 90 78 26 33 10 37 70 84 81 2 54 62 1 50 37 58 54 85 80
26 69 28 44 47 43 45 33 35 47 74 69 43 90 48 29 45 3 11 96 52 70 8 52 88 49 47 16 81 63 9 97
13 64 80 47 28 30 78 44 70 26 32 70 21 56 49 14 93 74 13 21 50 34 69 37 15 39 85 27 63 66 24 40
77 97 77 51 2 82 39 16 79 41 38 99 60 72 88 71 87 12 96 5 100 22 16 66 14 3 71 86 34 84 31 30
48 4 14 63 85 27 50 42 16 74 45 14 84 22 6 69 42 70 15 5 75 7 17 42 31 53 61 45 50 27 47 92
18 27 11 49 27 22 92 24 14 80 44 54 23 100 78 48 99 19 68 59 4 95 77 20 74 41 83 56 32 83 96 55
94 41 81 17 56 28 52 95 61 4 6 50 19 85 62 50 67 10 63 70 12 15 27 22 21 91 52 98 21 98 31 84
70 16 66 53 58 78 4 90 48 4 61 60 51 14 79 11 62 20 27 54 2 28 84 43 87 4 43 4 79 58 44 15
52 26 4 79 83 45 36 53 64 72 53 79 15 68 10 62 21 33 62 85 48 74 6 10 11 4 1 35 67 75 69 9
98 87 53 64 43 79 53 77 84 21 36 12 39 46 72 33 100 88 70 35 37 33 10 23 22 35 70 53 64 87 80 98
71 81 98 17 79 86 14 100 18 39 57 50 14 80 9 39 30 92 31 20 85 53 65 5 80 68 73 40 10 29 84 53
73 36 52 86 44 82 100 29 76 88 49 81 95 65 3 34 38 71 35 67 43 45 84 85 98 21 84 74 19 9 97 28
47 86 100 69 47 12 83 94 3 84 83 55 77 42 38 40 6 74 86 49 83 2 65 48 28 37 6 93 84 96 56 33
78 70 68 50 9 18 73 42 85 25 23 1 73 84 73 33 58 47 98 21 89 46 19 46 10 46 1 31 28 20 72 90
87 80 31 82 54 47 19 26 41 4 42 89 99 23 1 94 80 11 90 97 94 91 25 96 34 43 82 24 36 78 46 3
85 1 55 95 86 62 68 72 8 78 1 100 99 43 61 34 25 12 34 98 41 79 90 67 19 41 69 93 7 86 43 77
5 100 69 36 37 13 40 41 38 38 59 68 13 88 35 42 27 90 59 18 91 21 50 38 96 74 36 13 5 50 80 43
73 28 5 84 28 30 63 99 98 64 18 10 4 9 34 96 79 27 29 91 24 87 52 84 73 74 75 53 93 63 38 25
56 66 78 56 45 26 4 95 45 20 4 30 27 37 100 98 9 77 47 25 71 51 78 54 22 3 13 32 8 85 49 41
62 68 23 14 32 85 98 77 49 71 85 53 34 21 82 18 24 62 25 87 23 39 15 14 47 39 59 61 97 41 94 55
4 92 52 73 57 73 88 75 35 96 20 86 86 40 3 71 19 73 74 84 86 67 85 79 61 15 12 58 77 58 39 84
47 22 7 36 27 38 51 62 61 4 47 34 23 20 17 91 31 61 99 43 67 30 95 41 13 91 97 6 32 8 52 87
56 86 96 25 84 95 3 81 88 84 26 76 88 76 59 80 29 90 11 65 97 7 68 25 62 25 56 55 94 100 55 97
27 82 9 26 24 73 66 11 38 13 34 54 53 51 93 56 84 81 78 33 13 9 60 61 87 50 33 38 83 37 58 80
59 70 81 54 88 98 81 39 13 91 78 39 33 76 51 73 25 34 57 99 51 90 41 70 99 17 11 42 9 47 30 24
79 93 97 59 40 75 31 74 4 14 85 53 11 68 87 40 2 73 44 19 95 47 53 95 51 19 87 63 91 75 56 28
4 80 36 22 59 28 96 18 2 6 96 33 47 1 43 23 45 38 56 6 85 51 16 37 95 97 25 18 37 28 90 3
77 22 17 28 76 24 11 68 28 14 60 75 3 5 20 100 28 32 34 6 95 68 86 41 37 50 80 15 78 69 68 84
95 60 71 81 41 36 80 58 8 57 72 7 13 12 32 94 29 98 9 48 78 74 45 4 66 26 50 29 1 15 85 58
26 45 86 7 99 11 95 73 23 41 38 75 33 89 94 21 13 26 57 47 80 5 72 79 20 7 19 49 47 5 93 95
32 32
96 76 33 73 31 97 92 93 47 90 39 44 1 6 52 81 32 37 48 17 76 68 22 86 43 4 12 50 41 37 100 20
7 41 93 11 2 21 30 98 27 2 72 25 34 90 46 90 57 32 3 21 13 80 19 74 58 39 36 61 41 80 16 55
44 43 29 45 61 36 18 60 79 74 63 62 62 83 30 15 60 19 47 38 36 88 22 30 45 13 36 70 78 93 90 64
40 74 63 100 6 73 66 66 99 42 6 70 90 27 90 97 5 83 90 52 28 45 75 41 94 28 79 25 82 15 18 97
8 52 46 1 79 100 8 74 72 82 86 10 16 35 86 41 98 99 31 21 86 27 29 99 83 35 34 33 48 61 20 89
88 34 32 84 69 86 83 24 91 18 46 12 63 69 85 57 65 84 6 56 77 30 24 69 75 34 46 4 61 4 25 75
85 90 25 13 93 94 40 71 66 54 15 89 58 2 46 47 97 31 1 57 42 64 73 11 3 59 96 50 35 19 86 49
8 21 13 8 95 37 67 47 87 66 23 26 45 44 91 67 14 69 88 94 65 5 51 98 59 36 47 34 60 37 1 11
91 23 91 14 43 6 64 34 94 18 39 51 34 32 43 75 100 88 19 10 19 16 98 28 97 54 27 63 71 49 28 72
20 77 87 8 44 70 28 72 86 64 54 23 1 48 1 68 72 23 92 47 74 63 35 21 19 60 15 91 97 17 80 22
35 5 93 58 51 60 58 4 28 97 23 5 51 36 7 58 5 100 23 7 67 35 81 77 13 26 63 89 98 42 17 32
97 20 67 48 95 29 99 74 9 29 13 43 28 24 58 72 41 60 93 23 30 11 68 64 80 22 25 11 81 48 81 58
42 55 58 67 39 74 73 24 1 80 60 88 66 42 5 39 72 37 100 41 50 13 30 19 34 10 56 77 35 3 86 24
100 26 17 18 63 77 58 41 53 18 59 52 61 27 47 73 44 87 2 57 90 59 48 54 35 52 57 53 49 57 51 59
82 49 91 99 97 52 41 28 10 35 48 40 56 98 28 76 93 70 71 27 21 51 76 72 8 95 51 32 92 66 75 46
15 46 64 66 60 71 62 9 9 100 36 71 68 98 72 85 60 12 77 36 26 73 24 95 54 11 91 51 34 20 61 51
56 46 94 53 18 53 58 27 58 68 24 50 17 29 74 30 89 67 95 30 28 38 83 5 1 17 10 45 27 32 63 93
7 77 12 99 53 65 42 83 2 67 59 96 100 58 34 13 73 52 5 61 35 71 66 88 4 92 62 100 95 59 79 76
91 45 82 51 20 90 39 75 2 48 80 27 71 95 83 41 6 34 91 23 84 44 80 12 30 53 91 55 87 22 53 30
20 53 41 29 83 8 24 56 75 64 76 57 44 62 1 33 65 41 93 80 97 68 89 31 6 60 80 36 26 84 62 68
14 35 72 56 72 2 75 77 60 15 91 9 49 94 52 40 15 57 65 41 18 45 48 7 43 10 89 82 28 55 23 89
64 90 58 80 25 56 41 31 41 45 23 1 40 89 27 58 20 57 44 79 55 65 36 23 13 34 30 75 14 28 34 74
36 4 79 70 95 57 70 75 87 8 49 40 56 37 75 86 90 60 53 87 24 48 75 92 78 54 87 47 20 57 43 9
69 87 82 86 46 14 95 13 68 56 78 87 43 28 5 2 80 56 81 56 65 89 81 92 59 68 12 31 73 95 84 9
67 77 49 89 77 73 32 24 15 18 67 37 27 27 5 91 44 37 36 40 41 15 18 15 59 58 72 15 31 23 10 89
19 9 73 74 37 17 83 94 91 76 36 95 97 3 57 93 71 65 72 17 27 57 16 17 75 37 32 91 1 68 63 51
79 46 65 38 60 53 65 61 53 70 6 94 62 50 43 18 16 64 10 16 16 81 65 92 7 28 39 69 86 58 75 17
34 73 96 72 53 97 91 90 6 78 48 32 93 69 60 66 58 5 51 96 26 54 54 38 14 48 20 98 6 31 68 100
3 91 9 83 89 69 41 39 63 6 97 55 73 21 96 57 87 97 24 2 65 97 28 14 4 5 36 91 14 33 21 69
35 58 78 31 42 92 24 36 11 10 40 81 86 4 28 85 17 25 14 27 44 72 56 61 32 10 55 1 89 98 76 58
52 57 38 1 4 84 37 77 99 44 43 99 99 15 58 77 29 43 10 73 96 75 74 63 6 75 67 45 64 57 59 54
24 49 96 90 87 99 52 41 4 27 19 13 97 92 41 24 91 64 16 73 43 38 96 72 84 96 25 8 43 12 33 54
