369
795
356
651
565
199
370
129
268
825
842
368
668
8
368
468
158
306
723
307
246
575
530
676
53
416
444
81
876
57
61
392
485
602
486
905
510
797
774
262
177
194
840
384
752
813
535
308
431
526
232
138
190
199
914
192
668
70
65
146
317
334
477
758
877
78
103
329
509
13
906
588
858
813
727
863
643
602
477
897
939
750
510
608
494
751
440
198
918
247
63
614
577
356
359
154
748
568
594
227
330
981
751
170
371
519
253
779
134
722
730
980
765
678
662
484
483
197
758
927
440
247
280
208
846
559
313
214
832
768
894
87
275
688
28
342
656
462
440
490
65
92
820
480
364
86
230
41
465
40
567
227
746
392
930
32
568
820
99
45
888
180
165
760
224
115
954
3
416
861
97
507
244
122
697
211
522
353
729
312
273
180
402
613
82
773
806
345
396
776
570
753
931
265
521
28
661
318
896
674
729
648
874
548
1
777
641
204
692
467
873
743
902
36
648
350
479
306
388
724
452
632
770
93
851
323
402
367
622
398
852
999
166
873
572
958
392
189
884
672
254
274
819
276
685
136
565
395
66
984
453
629
729
814
593
86
492
693
798
284
574
8
521
640
607
491
945
890
670
83
709
870
425
513
521
304
343
338
409
10
62
945
532
24
55
276
903
534
843
906
7
916
929
590
718
485
627
665
996
741
804
816
501
514
375
429
196
837
894
753
780
8
845
286
169
252
965
591
217
796
104
851
869
694
176
640
112
564
767
80
458
58
655
332
576
35
584
664
789
668
315
935
131
260
804
574
182
112
609
134
387
862
807
608
927
110
923
578
71
433
799
337
476
877
769
406
321
657
721
57
2
586
671
419
425
401
185
893
