648
610
173
448
133
58
681
496
788
704
119
104
730
279
343
900
22
237
507
260
304
927
966
64
424
250
111
334
688
307
181
720
842
776
240
719
297
5
75
344
718
751
186
250
40
580
292
807
54
234
765
531
337
57
510
582
937
887
599
653
499
491
569
648
280
362
277
894
374
763
289
608
229
496
908
245
678
362
449
131
448
132
921
329
739
383
868
521
510
401
697
266
835
920
548
251
976
408
612
164
30
446
946
695
94
545
284
376
424
305
538
74
493
550
602
274
647
946
736
592
64
525
230
97
878
236
270
717
911
576
994
150
998
578
851
523
130
494
400
574
659
85
283
759
278
826
884
989
993
619
86
787
66
968
587
935
634
655
955
900
508
81
476
789
341
753
739
300
763
706
377
329
890
957
725
616
605
65
279
428
959
776
792
531
873
529
537
917
774
558
946
238
939
95
73
242
975
803
699
518
247
711
154
989
721
841
482
697
950
799
731
390
321
467
248
321
214
846
195
161
823
114
349
95
553
413
317
510
173
301
43
248
770
789
189
819
584
429
997
578
4
293
692
994
367
426
407
607
938
289
613
335
149
249
907
550
597
701
529
18
895
401
168
876
542
42
801
927
341
721
957
89
582
765
700
713
712
74
597
888
734
381
484
88
858
4
412
513
504
920
719
802
463
214
14
411
783
247
882
777
278
110
181
734
326
419
655
207
490
269
405
461
662
838
950
417
59
501
839
354
445
616
436
454
535
975
219
443
545
686
670
801
350
848
249
797
700
328
100
475
853
605
150
26
528
894
294
352
525
402
750
821
531
653
321
418
656
730
982
240
952
568
991
941
215
671
913
549
737
57
722
626
977
820
895
239
338
706
167
539
663
750
962
103
514
728
764
330
135
709
283
156
807
685
41
797
553
780
994
817
120
209
554
388
668
306
141
461
680
678
670
200
582
343
379
538
136
599
820
380
482
884
532
338
997
740
296
230
459
773
27
914
588
538
249
496
230
29
263
682
922
560
842
380
688
259
777
212
464
104
942
639
832
73
257
974
647
308
237
956
431
236
719
549
948
100
262
768
836
262
97
836
154
999
865
471
747
850
427
313
463
762
887
376
641
600
136
801
950
881
699
332
548
263
226
273
152
170
299
472
2
907
449
997
113
23
629
195
865
195
606
808
776
920
367
305
844
985
22
106
275
481
618
600
730
714
318
994
408
412
591
887
862
299
782
400
785
649
291
857
613
65
218
749
313
923
547
357
902
331
849
322
932
138
721
120
772
471
2
878
651
258
752
19
588
896
553
124
584
694
190
346
310
363
557
853
414
163
166
65
715
113
246
82
747
374
924
611
784
664
491
448
199
715
179
981
105
295
563
362
966
432
934
865
736
645
959
840
903
945
869
838
963
768
657
756
969
799
296
187
929
438
343
736
430
998
788
523
135
34
975
627
883
293
320
531
971
893
514
408
287
497
959
283
255
17
799
230
304
496
319
87
401
855
914
555
405
208
435
634
592
337
356
833
166
118
668
824
696
427
209
840
679
877
441
943
245
464
158
330
860
394
15
848
799
923
349
8
373
39
304
14
50
411
221
776
917
790
120
298
791
282
712
751
658
937
650
999
941
408
770
320
98
21
99
350
156
887
230
989
467
586
321
181
900
873
17
296
667
804
194
393
436
481
171
36
523
952
762
76
195
496
577
538
846
303
560
300
71
300
634
684
162
9
908
22
526
2
244
35
345
381
765
60
409
950
156
561
224
481
457
720
330
533
784
282
886
431
385
450
508
273
619
491
945
452
639
701
874
509
125
264
158
525
21
360
430
272
223
844
974
296
723
687
168
162
923
890
408
345
276
116
150
420
530
677
585
730
70
998
730
618
378
232
587
727
551
537
847
671
124
196
20
251
952
838
901
281
870
496
577
467
60
975
472
971
9
267
886
711
836
419
201
894
533
483
796
665
284
411
106
245
531
672
943
125
344
872
277
436
117
812
508
745
773
455
163
791
520
146
457
760
955
958
104
331
224
81
305
194
440
891
852
324
12
459
869
550
260
96
814
887
251
449
215
938
932
895
97
102
223
303
56
112
205
440
605
206
339
23
702
888
753
187
101
741
799
558
184
242
844
362
798
298
389
575
671
809
32
716
138
687
94
958
106
480
722
417
13
944
553
962
119
720
519
963
50
9
599
345
287
112
550
15
311
405
867
284
719
141
395
310
237
556
963
620
548
619
708
850
734
624
79
816
946
183
40
215
309
324
471
256
509
198
55
803
623
649
601
549
