301
134
464
924
120
537
425
312
599
969
404
456
387
276
166
560
775
689
251
639
517
125
492
976
159
307
575
797
818
442
956
729
958
798
580
718
73
939
528
460
423
153
581
823
710
971
724
743
157
163
186
892
935
79
616
313
162
125
123
367
983
332
958
794
631
954
472
853
436
195
890
861
991
112
910
25
575
4
776
1000
551
96
341
291
424
563
635
47
605
992
923
475
538
714
60
907
561
680
585
434
62
381
884
16
205
781
547
2
475
530
365
171
419
820
775
814
398
566
723
169
741
333
221
929
587
144
148
316
442
60
684
471
399
993
653
379
772
891
402
946
28
474
894
450
500
996
420
213
110
554
574
185
899
109
561
180
742
708
287
994
679
979
163
324
667
172
285
138
565
842
609
757
707
990
612
274
370
115
823
975
318
273
908
487
41
68
911
424
678
844
643
164
745
725
218
748
729
254
294
494
296
934
42
992
571
14
466
439
355
51
888
989
749
191
366
431
242
54
63
353
417
274
897
47
603
645
327
584
187
522
123
941
3
177
273
22
15
346
932
418
191
70
301
959
656
275
359
287
811
624
786
906
706
897
461
668
384
208
525
577
534
574
752
809
45
369
65
257
364
388
782
828
541
288
922
426
652
976
230
442
69
419
657
918
41
140
20
99
833
993
621
236
934
610
796
665
345
203
47
509
87
570
181
67
327
223
195
909
438
88
241
140
848
523
599
660
940
954
220
352
506
151
444
240
600
93
113
972
156
14
120
674
758
887
990
372
23
127
199
150
604
791
996
857
109
59
438
237
412
5
216
111
686
115
999
617
686
60
436
205
807
731
630
281
292
999
220
788
639
794
18
87
793
387
666
966
134
708
656
460
397
401
994
363
566
393
244
635
121
876
751
325
807
637
916
859
601
906
196
897
346
124
27
679
84
536
229
660
474
654
129
907
515
921
718
821
206
484
937
260
478
351
481
501
368
832
919
193
235
169
651
427
985
305
72
811
292
912
846
315
990
513
81
130
808
875
337
154
200
177
403
609
823
856
322
576
202
893
909
711
538
936
766
595
820
188
299
57
706
174
181
429
488
90
8
15
228
646
336
740
360
505
143
386
367
308
250
160
615
769
433
172
997
296
383
43
725
233
903
645
572
71
4
610
557
20
925
83
125
106
369
166
539
515
705
294
74
459
474
416
863
754
283
664
97
718
732
559
392
114
574
656
567
695
664
713
529
775
335
694
425
483
738
915
628
787
145
232
171
726
130
184
993
226
349
936
410
861
666
472
578
666
2
540
684
456
645
130
230
791
333
318
141
973
406
575
291
593
913
743
147
428
19
482
61
716
187
883
114
122
166
256
154
165
543
631
93
371
127
652
888
188
705
836
126
934
412
462
727
731
82
99
819
641
943
760
896
387
417
586
801
244
623
602
972
467
440
35
69
197
51
813
93
87
706
107
35
419
492
888
261
757
92
175
95
933
733
388
70
719
259
795
987
891
414
702
175
996
856
105
58
723
820
779
980
232
327
684
42
203
741
234
23
851
902
62
247
298
601
728
637
523
687
731
424
376
834
911
400
652
468
66
833
145
360
16
214
706
895
853
726
536
414
292
103
163
353
590
627
565
407
244
761
953
28
491
872
830
627
346
251
23
105
450
686
644
201
779
73
974
227
335
162
262
52
630
402
702
127
968
890
123
866
187
182
141
622
727
582
268
653
87
796
473
995
662
869
482
420
578
478
912
536
353
21
337
872
802
851
146
65
888
810
946
357
297
382
396
506
79
898
991
858
568
526
337
864
347
483
219
790
796
452
621
805
10
831
824
51
618
223
147
676
633
706
284
545
702
448
53
46
603
532
854
697
75
423
629
675
218
922
910
400
137
552
151
49
103
510
805
882
281
840
341
973
942
698
239
764
894
646
879
651
128
441
599
609
718
889
243
253
430
125
356
760
516
437
161
789
407
5
209
769
900
310
880
35
364
462
142
465
543
236
118
732
259
642
835
751
933
838
398
191
333
408
130
183
120
797
732
668
95
513
290
429
406
729
613
295
365
66
318
993
721
341
973
435
767
675
54
321
607
758
429
966
984
328
496
541
126
347
121
704
425
113
965
349
809
667
28
76
777
871
46
685
963
983
729
825
715
861
332
343
593
890
935
625
7
636
843
932
136
677
307
516
323
491
367
568
573
993
69
277
759
416
632
780
322
310
401
476
494
100
889
819
205
514
522
132
976
792
861
146
218
807
537
146
762
283
354
188
396
881
535
188
674
921
843
369
600
