981
844
893
10
818
973
138
106
476
972
884
543
71
395
253
85
586
787
752
623
886
245
580
843
646
23
876
152
388
628
232
146
474
203
576
248
537
216
632
603
720
871
858
127
636
148
489
628
414
285
974
25
996
838
881
383
985
677
12
145
217
364
902
226
322
624
164
440
533
224
670
537
279
817
963
497
417
889
200
939
873
269
471
929
257
188
416
604
990
398
213
353
664
924
28
674
764
339
124
137
92
313
158
430
902
398
876
309
789
309
242
861
745
395
783
631
405
943
12
615
939
524
531
506
687
171
436
701
788
303
422
794
763
610
182
630
661
119
87
448
550
811
187
555
338
278
242
13
726
952
616
526
599
588
495
44
295
920
980
758
896
840
474
572
60
602
380
658
787
732
281
22
413
18
854
146
117
810
806
384
211
765
66
470
985
643
648
881
366
987
220
240
987
585
902
159
48
850
146
851
652
872
758
7
935
452
187
487
917
420
475
506
990
510
486
602
50
863
748
889
874
509
797
210
284
830
108
870
722
277
492
674
83
281
4
134
847
998
875
25
289
104
899
584
510
98
422
787
626
986
708
705
905
415
841
551
158
943
349
995
94
340
981
695
585
862
334
503
724
808
786
946
640
398
974
579
562
960
335
579
225
678
430
968
264
718
328
780
219
394
247
613
366
937
816
635
426
859
762
52
401
231
533
696
825
182
287
53
424
642
979
479
278
928
417
120
171
142
927
944
408
734
257
985
373
824
224
249
952
85
850
681
830
542
750
212
210
67
460
678
677
46
146
116
352
363
508
775
327
710
61
397
936
674
268
918
155
216
879
367
97
263
211
35
687
639
61
150
498
931
663
61
932
594
878
812
149
887
367
937
165
628
21
546
811
254
831
77
111
512
940
482
192
207
758
982
204
342
268
380
31
918
270
780
816
108
701
564
409
594
300
845
771
594
797
568
431
206
986
418
788
381
111
459
612
339
248
864
826
572
760
351
353
989
517
473
394
905
130
721
617
922
889
72
577
753
358
451
214
165
145
27
928
558
162
285
201
566
343
280
81
466
499
633
956
50
648
391
423
312
453
509
465
52
554
955
511
460
521
950
60
866
109
479
656
436
47
198
326
76
944
52
13
423
139
558
693
936
139
595
104
203
868
574
847
559
516
730
724
107
963
344
697
463
563
658
58
67
379
719
641
56
843
497
288
200
727
655
256
883
776
808
366
59
916
918
559
265
466
316
202
154
443
825
601
348
859
418
355
571
984
426
959
873
53
520
596
473
155
805
345
926
532
915
881
709
35
533
89
99
64
998
976
431
429
270
356
798
48
247
616
576
678
556
286
414
774
970
130
75
589
797
259
636
165
478
866
729
434
239
793
157
643
960
800
565
137
21
518
28
849
203
697
603
25
587
839
767
61
904
857
900
722
610
298
861
492
910
543
988
133
208
871
942
553
831
863
735
81
794
878
91
960
408
679
895
726
795
794
762
324
135
62
813
678
577
95
654
497
366
373
982
480
727
873
154
321
294
491
14
340
613
681
380
363
740
809
68
694
131
984
917
448
579
827
483
538
242
739
402
531
519
770
694
205
801
976
693
577
964
371
422
9
30
450
691
92
25
332
311
369
327
164
631
666
495
691
88
476
593
407
373
695
820
25
814
378
362
261
488
215
304
245
194
7
6
443
238
766
55
967
572
909
160
571
983
907
321
801
155
146
112
719
23
300
331
863
175
628
34
867
505
883
874
531
484
460
15
402
52
363
881
500
542
78
15
186
41
880
171
337
815
911
651
229
815
799
20
206
604
803
34
98
140
303
551
932
70
185
879
389
485
534
608
16
169
207
376
767
444
476
138
58
302
507
560
730
780
808
338
634
413
828
340
563
983
639
905
762
428
530
411
369
29
630
109
417
851
502
962
790
324
652
164
499
232
60
970
174
162
10
896
495
857
467
430
790
223
300
535
704
326
547
755
18
31
924
442
747
369
972
651
323
98
195
967
567
435
89
953
501
126
753
549
932
481
299
110
943
795
231
849
96
133
367
225
439
104
335
746
752
574
7
887
631
651
924
788
764
834
198
69
993
651
849
348
436
539
566
545
952
809
57
237
794
605
435
498
593
412
119
258
149
551
90
671
645
591
697
259
964
555
617
64
489
869
913
487
277
922
987
85
839
563
92
896
978
166
158
708
579
539
519
909
725
951
150
73
726
513
60
502
978
596
507
551
350
670
910
288
819
834
997
329
128
851
181
482
157
748
929
364
730
477
824
663
29
98
199
54
