126
694
979
99
982
173
917
127
365
376
121
426
663
780
156
568
235
110
38
509
966
479
612
283
394
352
848
215
312
698
871
271
478
796
256
202
332
676
498
509
718
164
15
666
348
384
233
455
910
30
919
703
407
111
987
288
979
779
379
22
978
433
102
534
913
497
333
754
545
199
49
267
94
404
372
409
783
450
626
156
616
737
993
86
69
542
878
198
293
372
795
39
860
186
504
883
885
924
101
225
446
317
87
838
876
582
754
375
406
409
813
440
27
318
650
269
335
739
519
400
899
319
103
357
527
624
735
753
360
96
650
930
676
584
961
259
93
75
547
475
161
252
454
446
141
150
773
538
319
7
578
691
600
18
813
253
740
153
890
341
191
495
841
46
678
990
295
288
332
505
563
256
206
467
335
477
79
926
682
414
785
12
246
317
841
275
792
151
879
507
361
715
56
992
283
199
800
871
837
589
637
745
13
551
485
632
44
179
797
218
44
131
104
54
415
162
309
48
7
480
272
793
465
182
875
805
767
898
807
843
409
412
156
200
533
809
993
155
487
218
612
138
768
612
126
15
423
114
802
42
341
650
654
652
804
83
639
337
34
85
897
482
632
876
710
170
290
522
966
412
57
319
662
17
772
850
846
798
71
659
403
972
997
998
594
293
427
42
261
921
843
440
788
444
922
178
289
387
264
516
185
477
737
64
431
465
93
978
682
950
610
103
782
20
851
758
460
820
278
961
688
589
66
41
853
982
204
432
175
376
200
934
649
656
179
98
292
572
130
550
453
63
474
362
231
401
460
622
260
341
108
322
459
817
877
338
747
361
116
459
565
673
22
862
377
864
240
236
964
215
161
916
433
121
683
132
697
213
658
645
202
226
130
782
836
635
529
682
41
628
572
763
30
300
476
988
427
775
147
645
834
992
408
223
825
617
448
308
749
67
215
800
366
794
258
29
482
416
387
300
321
72
114
737
467
329
191
826
134
569
209
646
689
51
775
762
309
241
268
944
829
709
825
166
923
556
994
32
299
338
624
323
802
977
537
334
335
204
982
842
134
202
793
184
173
10
553
791
990
714
722
113
577
53
78
666
261
810
643
366
488
517
607
45
353
112
677
826
260
378
238
147
65
820
815
600
51
121
629
916
325
909
173
893
654
516
328
788
30
98
997
769
879
517
494
737
664
924
901
550
978
276
500
960
791
575
808
251
244
722
871
154
88
975
797
888
702
379
324
807
12
430
988
86
501
473
596
918
932
708
714
840
864
317
864
250
119
391
55
907
318
539
909
620
421
177
929
87
45
702
147
520
897
603
736
143
324
355
203
900
834
486
16
86
365
803
189
961
919
303
947
376
911
924
991
270
18
941
418
308
955
654
80
488
407
981
152
367
187
347
761
826
676
346
192
299
441
381
424
635
172
401
748
160
747
350
695
208
507
237
451
366
197
877
842
701
60
60
913
303
141
708
125
485
334
234
209
187
547
637
707
608
250
353
72
617
104
522
894
70
642
748
89
933
460
625
608
121
972
468
211
243
143
864
343
582
234
461
148
975
994
707
862
272
356
888
496
666
885
28
752
788
330
283
843
853
296
633
68
522
191
509
571
337
627
735
96
909
184
206
78
140
337
994
6
40
42
527
123
266
723
938
995
698
848
663
656
540
334
444
901
207
420
727
786
749
579
826
382
757
175
634
656
693
455
665
382
729
527
431
821
457
644
423
348
14
114
118
803
819
982
547
858
536
707
491
185
783
660
589
480
157
815
747
75
366
453
441
342
779
225
177
279
393
518
645
629
342
3
522
601
959
218
201
654
438
470
587
818
537
195
966
235
557
961
776
183
800
61
351
991
837
803
284
788
943
166
939
76
759
824
870
642
539
815
797
143
187
482
457
260
20
438
442
339
715
955
65
786
508
237
858
99
543
129
134
74
151
961
879
734
562
832
752
693
106
973
563
926
423
328
858
337
175
790
755
929
412
761
64
736
754
10
635
722
446
352
525
832
667
22
90
583
584
778
927
837
985
238
46
679
171
296
176
96
933
97
796
166
94
790
583
1000
51
764
410
691
865
530
799
345
526
927
436
105
45
298
272
644
528
277
926
655
495
792
176
267
749
22
810
905
161
925
761
402
187
97
777
667
94
421
390
363
471
118
425
399
395
375
869
258
590
107
815
319
140
210
155
33
708
743
471
420
412
995
73
250
470
118
81
750
737
922
610
473
303
370
840
701
797
415
138
702
393
621
431
405
728
139
954
165
808
695
282
565
332
372
656
674
69
