839
181
95
194
993
79
12
158
492
99
314
912
897
641
579
241
921
241
633
571
392
684
444
758
851
665
883
593
556
532
380
239
826
223
818
997
393
317
863
102
466
447
797
234
895
128
335
663
291
631
128
329
978
458
455
277
28
541
829
525
825
618
634
888
614
316
370
301
738
71
662
683
256
360
103
521
652
219
970
121
410
760
975
226
40
935
772
447
986
998
601
826
153
97
240
521
65
923
461
658
716
444
695
500
266
167
895
410
773
368
412
859
434
414
609
974
993
740
45
547
273
408
238
189
379
455
391
386
702
383
105
211
405
551
658
790
481
429
621
836
58
76
698
830
928
436
228
519
430
96
431
594
770
495
944
447
678
834
387
143
409
989
218
159
65
851
894
877
83
953
395
108
705
548
539
602
625
950
747
278
687
609
197
411
399
188
188
875
552
802
823
11
551
87
602
650
498
102
772
445
578
889
924
660
705
249
666
233
578
506
29
377
663
506
506
12
701
842
974
732
9
523
777
295
653
521
246
327
834
263
105
129
707
616
940
484
198
166
644
938
6
452
210
891
367
62
849
740
206
618
288
406
408
756
684
982
226
336
954
466
522
27
20
818
704
846
284
972
47
418
200
80
356
426
924
840
617
956
120
395
143
15
196
592
585
702
490
67
395
891
58
339
280
189
831
337
344
842
13
521
191
610
601
408
267
184
377
79
501
218
453
910
819
67
187
85
306
2
347
531
555
778
962
432
633
525
498
483
799
418
152
111
521
387
28
414
499
504
618
656
882
784
164
592
68
439
153
179
605
182
411
461
181
667
812
437
734
664
647
589
566
558
122
500
152
598
118
306
266
849
650
349
935
981
141
837
755
52
58
670
697
122
929
980
793
327
102
690
4
320
552
717
82
119
687
630
604
809
767
343
928
354
896
121
448
337
911
997
181
50
678
185
315
318
255
767
411
545
126
686
341
87
449
892
400
522
102
991
851
395
550
739
127
779
503
944
610
849
527
708
110
121
266
417
498
537
722
518
420
962
496
79
775
358
76
641
561
71
462
118
327
538
359
92
16
759
28
591
84
843
326
897
847
266
894
719
804
206
800
656
450
936
134
908
79
705
211
983
604
714
835
170
660
77
110
623
162
625
385
422
204
1000
76
596
541
604
743
397
632
755
755
423
791
769
602
814
911
893
575
608
886
937
693
294
176
590
264
717
835
682
828
322
821
992
583
641
641
25
528
275
722
666
733
484
406
550
991
865
246
217
395
422
432
336
667
749
884
11
635
808
316
502
785
107
775
890
7
315
432
232
166
641
144
165
33
92
933
249
957
296
699
452
287
794
44
401
280
289
172
238
259
794
381
638
148
471
57
42
901
1000
903
688
591
279
241
608
391
300
997
395
339
525
201
527
124
720
855
52
618
180
43
194
86
605
969
281
533
156
812
205
519
355
376
441
340
410
756
558
676
538
906
983
811
58
511
467
274
225
975
729
687
767
658
577
957
338
964
481
278
389
129
946
635
525
121
349
609
487
198
737
512
55
552
844
673
340
222
246
873
622
557
605
304
70
620
437
150
766
457
387
875
816
244
879
149
796
678
392
111
15
649
764
480
471
414
580
233
608
440
338
921
616
976
128
772
723
625
40
77
474
556
573
527
88
79
289
856
481
475
877
161
36
702
559
494
909
157
528
40
217
808
624
258
393
865
556
723
337
613
225
370
264
644
651
399
338
430
438
443
548
707
302
139
627
547
271
871
15
320
287
876
468
301
892
628
239
767
693
663
213
205
492
698
338
8
74
435
338
239
317
996
146
797
880
721
829
1000
848
589
586
325
766
229
732
713
581
947
89
228
312
326
425
478
79
407
378
148
62
134
459
689
904
675
332
250
506
655
49
337
179
458
772
499
665
609
698
444
164
686
70
140
595
587
312
663
660
936
493
550
604
29
604
523
46
903
947
470
107
428
406
947
139
997
199
411
790
594
237
841
547
367
888
565
639
846
904
854
820
344
779
695
143
191
313
742
969
566
152
117
812
584
997
655
942
995
827
157
678
879
943
360
456
635
977
463
487
310
615
704
207
46
924
438
102
348
574
196
745
413
545
842
364
553
383
777
280
616
734
163
942
829
1000
553
271
814
773
15
772
312
786
598
254
596
672
895
87
385
754
805
134
307
302
576
158
983
348
974
57
572
877
651
373
122
264
725
451
876
601
132
741
295
310
899
552
988
267
488
761
649
880
284
658
398
630
108
927
835
684
903
368
470
188
645
31
714
906
445
90
12
818
