378
963
19
687
368
337
400
984
855
670
677
762
657
720
581
688
958
535
887
865
454
617
571
393
207
826
833
582
514
164
228
503
436
363
733
269
360
32
386
42
163
54
979
160
141
332
128
77
477
590
263
801
512
882
140
484
665
123
998
707
539
544
980
91
189
451
957
137
818
878
969
421
402
413
964
155
821
366
363
174
942
504
855
454
639
988
696
582
550
206
519
341
677
195
691
372
55
158
910
129
982
76
196
663
785
80
603
220
686
764
724
926
810
767
458
309
216
95
626
980
269
764
114
476
43
423
657
977
692
710
647
97
471
686
401
12
620
747
199
962
351
966
163
997
239
672
842
951
118
83
461
435
116
618
798
327
562
166
951
871
927
95
675
579
882
909
827
240
386
729
110
494
57
204
118
148
842
155
218
666
552
720
521
76
596
144
469
114
570
524
152
735
363
376
922
909
626
136
118
519
210
182
205
115
560
903
978
806
774
854
647
682
371
268
131
121
169
8
913
187
732
897
230
363
420
220
971
498
434
956
236
509
447
215
765
854
184
390
621
783
439
831
789
688
35
751
800
983
847
765
155
999
750
203
861
252
748
621
33
210
930
958
623
290
747
234
817
686
890
503
400
894
587
105
570
821
436
896
673
642
28
120
373
875
765
796
80
613
531
722
274
892
573
917
765
223
886
658
688
12
910
970
588
405
558
987
137
747
127
534
214
91
511
276
587
747
784
421
666
859
355
173
687
342
62
878
385
486
308
514
651
105
836
958
726
501
610
497
851
480
779
706
619
501
972
517
407
374
470
552
361
364
736
203
932
121
251
909
53
725
793
783
798
202
546
864
618
857
808
966
423
452
85
571
412
990
800
283
400
788
360
661
277
321
357
700
831
109
58
945
531
427
735
291
516
509
594
649
234
110
140
274
504
749
360
528
501
507
256
280
404
512
246
257
347
32
170
911
854
425
650
221
157
23
85
663
785
301
9
22
419
935
310
165
995
725
971
470
592
166
817
279
925
188
824
806
206
326
163
878
535
512
332
284
424
21
240
349
801
669
523
968
147
810
838
144
401
343
592
756
876
513
175
426
47
216
18
527
721
632
381
258
571
322
262
470
150
126
919
866
770
683
821
55
517
215
409
519
799
694
928
260
742
672
902
61
613
13
790
669
330
974
486
843
979
281
562
550
134
176
673
337
678
17
799
374
436
546
316
855
474
437
613
141
377
988
499
897
153
136
276
666
202
882
720
74
598
41
352
246
824
395
955
255
614
382
696
557
127
376
280
813
569
946
101
773
244
374
972
906
16
483
214
720
784
121
970
118
930
869
35
308
669
408
544
493
17
147
9
32
964
77
154
402
428
321
931
834
24
455
524
738
655
304
241
627
636
176
424
485
180
606
298
138
111
991
142
359
457
537
211
482
663
899
320
944
193
897
227
814
830
358
814
630
363
581
558
962
647
763
580
768
741
107
78
154
571
521
94
882
454
410
938
149
888
519
779
813
595
677
162
757
714
580
430
326
60
397
255
577
695
35
628
422
973
481
511
82
57
741
926
726
852
528
457
224
679
887
770
483
156
716
148
89
764
627
479
302
689
618
560
535
585
589
428
953
797
222
824
316
143
400
206
59
556
167
569
992
525
115
494
557
86
607
347
866
892
634
563
572
443
271
46
25
266
583
238
460
628
270
500
814
810
418
950
154
341
686
258
761
388
951
689
748
580
452
655
213
14
300
780
861
761
225
44
502
561
919
247
917
144
817
6
486
881
664
66
233
646
512
308
196
583
744
552
17
722
531
304
334
760
358
547
193
343
935
775
747
288
568
331
210
209
809
878
690
76
2
167
484
935
658
96
678
292
92
869
132
808
81
472
809
94
187
54
502
738
313
550
883
488
878
283
199
209
241
551
862
302
756
606
175
992
907
665
950
353
869
478
432
744
934
501
505
282
192
529
936
822
503
249
495
98
305
731
901
555
297
605
34
636
819
125
114
585
748
357
366
31
360
585
321
831
387
110
3
611
668
550
291
698
873
177
387
231
214
912
745
307
418
279
20
679
497
744
683
123
546
72
667
953
38
922
707
51
88
558
757
131
232
439
669
207
895
800
104
331
135
191
712
586
496
708
529
776
981
73
779
589
338
215
489
633
980
229
149
433
923
543
225
416
724
737
154
218
458
882
623
116
466
275
14
151
259
466
327
358
425
381
183
137
555
334
428
19
948
442
987
494
812
632
639
519
337
349
845
482
573
733
95
130
949
450
673
966
281
339
201
170
778
