944
566
880
418
667
730
281
609
346
793
269
60
409
670
352
1000
173
124
586
798
173
20
5
731
360
812
585
648
969
801
658
963
253
580
203
281
792
290
704
509
478
320
342
83
692
966
513
290
307
170
410
318
749
910
229
336
784
707
159
347
972
602
881
569
647
23
283
959
580
56
255
776
158
862
835
808
520
4
744
543
293
730
665
468
493
937
314
931
63
587
113
308
230
485
996
155
124
447
622
73
448
568
326
457
753
686
318
742
691
874
284
288
752
270
880
991
415
719
210
287
151
779
695
933
22
517
593
676
319
1000
779
826
408
777
312
768
774
117
376
1
458
848
724
55
57
763
754
589
383
845
172
402
995
792
44
568
767
738
960
401
718
436
933
640
936
294
271
860
108
69
150
284
315
332
291
64
453
574
85
101
967
91
330
838
172
564
184
598
879
584
973
707
6
931
54
923
510
839
77
854
237
426
258
273
153
726
57
9
172
59
5
387
392
991
297
90
833
912
274
45
27
3
822
763
560
153
369
744
716
755
414
874
597
955
583
125
149
358
999
666
902
61
968
583
733
310
383
576
8
600
661
994
413
653
31
398
203
649
224
605
593
773
303
659
16
189
822
681
274
181
906
725
142
799
141
282
440
796
196
158
977
17
364
52
819
59
996
930
602
715
446
815
743
185
155
419
156
780
614
233
333
854
587
703
427
556
585
372
958
269
786
218
371
97
869
346
116
274
76
696
74
528
989
479
787
47
146
287
722
606
836
273
983
433
970
163
197
793
152
628
527
419
701
642
150
968
807
514
19
538
462
610
990
58
358
621
190
753
159
966
603
696
29
617
446
775
84
350
708
743
292
432
631
431
267
761
562
85
87
203
189
554
441
524
875
40
760
724
883
143
303
286
664
530
288
102
13
668
139
84
45
959
459
604
547
501
737
633
999
221
986
79
179
618
681
779
360
221
391
282
542
945
850
599
605
212
553
663
953
966
865
741
64
451
371
556
196
391
558
878
436
855
316
496
518
147
315
694
823
291
460
60
648
187
431
895
58
302
94
357
87
940
68
565
70
985
879
465
624
104
968
183
504
980
370
527
682
871
468
386
76
121
329
34
619
727
913
157
468
897
237
446
710
23
110
939
597
354
160
600
696
93
331
983
103
712
257
804
819
143
83
578
258
200
212
428
122
190
448
54
625
211
667
573
101
694
282
952
208
380
304
741
190
21
161
194
49
117
338
124
841
368
182
156
572
616
541
423
76
271
876
873
104
763
489
170
23
78
130
939
802
915
132
411
227
51
521
896
712
73
392
441
494
664
277
933
641
440
410
333
500
812
196
183
658
710
907
269
759
590
248
657
848
933
954
567
265
813
896
103
803
186
132
188
733
192
419
248
377
472
982
742
686
326
16
995
156
751
566
241
931
240
481
97
960
305
101
312
263
417
471
942
534
728
489
795
7
405
187
7
104
819
967
369
178
164
297
153
361
714
838
325
764
590
389
597
532
130
618
183
476
176
539
173
856
52
935
108
469
940
116
745
635
255
310
392
419
473
444
239
716
714
455
102
413
55
993
526
499
783
384
645
915
558
981
44
588
64
516
308
544
972
358
674
554
306
221
531
282
951
367
905
392
499
797
834
395
221
960
285
224
769
312
645
127
858
342
359
423
318
532
456
422
925
775
366
205
675
386
131
961
428
987
303
1
285
913
182
218
1
346
837
369
810
897
981
520
157
195
939
658
651
877
951
349
765
594
38
795
856
287
954
361
96
636
230
642
577
957
655
164
999
887
620
878
795
385
985
696
953
838
502
610
798
803
644
504
689
932
831
482
108
71
125
240
327
59
405
6
657
819
517
104
802
178
550
223
699
947
751
815
303
336
273
884
809
903
615
343
901
87
591
281
964
956
710
392
535
19
703
824
131
855
908
211
979
377
134
821
419
308
920
941
275
484
906
98
579
755
929
62
693
815
55
592
599
337
413
57
407
670
326
274
847
805
392
187
99
335
714
182
913
929
91
671
182
590
153
857
443
489
619
804
743
262
259
1000
347
868
549
442
9
196
249
901
96
846
661
546
745
587
307
13
177
869
395
780
529
552
507
707
405
288
960
339
130
214
116
888
696
342
789
352
404
597
778
900
3
812
999
318
403
532
43
597
950
348
813
871
95
517
195
516
514
222
482
704
128
45
824
63
644
160
694
360
104
477
717
624
447
243
255
339
459
49
103
92
131
947
168
873
421
911
21
366
521
413
944
40
587
680
517
20
613
174
974
489
426
80
570
