353
468
380
177
695
714
967
855
670
324
506
426
872
702
181
134
314
936
292
87
40
198
920
170
764
721
941
18
50
723
974
122
903
641
216
643
938
92
900
446
140
534
353
178
3
151
728
364
768
851
475
167
950
244
186
571
499
18
747
494
510
340
655
195
271
158
57
528
489
428
408
774
398
529
489
703
349
382
132
830
841
793
753
939
349
878
446
348
21
293
652
87
253
362
515
920
62
775
160
66
52
829
625
67
72
500
208
757
459
363
367
54
34
381
339
20
369
524
11
884
107
573
645
813
26
872
231
600
587
397
718
657
359
30
848
225
228
920
11
926
701
931
734
50
396
687
512
800
879
730
166
806
919
154
561
731
456
960
393
48
527
176
323
951
697
730
537
906
248
20
114
858
492
423
353
152
46
24
871
168
167
801
713
974
892
52
17
529
374
715
612
973
543
628
171
555
411
120
196
161
597
332
116
422
701
701
415
975
662
571
433
737
100
602
466
407
191
418
376
874
293
404
659
937
64
448
513
544
93
52
877
143
301
510
53
940
793
13
569
23
54
159
193
989
360
916
318
724
384
379
460
842
408
599
239
917
213
41
68
400
646
118
40
793
474
79
163
460
171
218
896
771
373
731
620
7
818
929
529
374
721
362
710
417
765
261
789
549
592
925
846
600
607
172
298
842
666
255
736
947
31
265
638
838
797
579
658
42
156
25
867
286
658
49
948
331
964
241
258
721
709
497
604
478
400
727
1
32
518
659
83
125
212
168
399
477
969
295
65
289
501
430
756
577
477
125
669
563
144
590
263
462
864
195
34
693
396
452
400
23
377
60
935
258
522
974
227
548
830
889
750
135
811
179
24
631
23
607
476
233
429
882
578
955
739
921
409
928
160
101
313
669
953
523
142
804
636
687
395
633
143
795
738
78
69
103
936
957
206
403
730
428
26
291
665
116
689
57
170
365
146
110
328
34
450
327
609
391
862
190
121
804
569
192
740
103
745
156
752
133
486
779
836
793
884
896
386
258
10
890
653
196
878
232
722
662
208
183
43
577
263
512
933
168
172
597
259
615
723
812
134
133
669
528
246
864
312
906
328
662
901
763
530
502
642
863
188
582
363
305
469
636
634
740
345
754
694
220
682
419
799
214
113
447
841
443
520
674
110
409
928
844
156
232
88
528
155
511
447
739
167
433
473
390
306
391
966
985
334
696
773
438
822
693
581
64
807
508
810
839
513
499
476
107
903
625
959
23
729
145
607
369
972
234
367
71
574
615
319
94
177
713
767
735
524
769
83
643
196
491
548
704
772
146
177
970
559
78
1
736
862
43
685
156
894
337
613
510
226
552
71
427
894
441
160
196
811
103
778
736
91
383
914
264
636
141
252
437
404
31
105
382
270
279
229
57
971
471
295
343
536
545
228
857
114
407
948
957
641
149
465
686
969
561
556
460
82
865
300
875
123
352
849
297
67
980
760
819
603
982
895
867
112
86
828
394
470
70
779
164
400
409
931
159
221
753
289
403
106
245
233
761
462
712
868
756
940
921
575
455
611
591
427
480
580
503
320
943
459
380
856
125
485
308
869
668
94
538
159
963
126
523
662
850
539
726
192
228
437
869
81
265
743
635
878
976
643
102
264
288
878
929
486
528
732
702
515
285
814
492
735
803
399
492
604
535
73
604
949
488
476
964
204
783
585
311
576
784
999
532
813
761
588
286
35
182
818
785
781
503
50
853
925
455
274
466
24
433
560
791
290
117
345
156
842
446
982
595
522
57
519
670
952
12
159
566
857
252
311
666
908
856
553
990
129
287
378
631
830
992
626
834
137
647
260
745
612
581
156
885
259
947
649
395
65
775
287
82
841
627
713
295
110
429
18
607
677
210
46
816
191
407
283
325
878
693
354
389
611
965
409
485
554
505
695
798
830
817
727
657
475
237
657
536
283
554
280
204
653
280
314
134
153
979
514
467
286
826
560
825
218
725
972
565
473
962
26
878
162
58
947
361
488
885
632
602
389
565
380
945
254
393
112
529
957
201
156
301
533
334
935
450
645
113
215
897
286
166
907
48
81
279
474
89
318
226
46
203
804
924
574
42
208
686
688
539
700
578
365
501
158
833
389
220
130
961
282
475
168
55
438
800
191
954
940
376
236
307
847
259
487
277
214
105
913
623
942
253
316
748
930
189
489
676
137
903
117
520
45
536
410
779
193
168
18
637
62
183
526
273
562
366
11
794
958
398
411
219
900
127
44
117
234
511
318
990
23
785
752
180
