226
513
579
883
783
172
492
815
390
761
993
951
952
524
803
285
818
936
536
680
327
145
975
413
786
277
845
901
55
482
267
56
210
69
913
982
489
180
350
458
153
681
387
824
398
467
695
392
341
254
904
707
144
175
973
274
284
916
885
263
402
203
199
471
986
37
424
573
298
27
966
122
153
78
346
259
717
385
573
931
353
777
991
362
147
975
842
672
508
317
621
360
558
493
972
963
997
162
857
396
862
850
163
479
58
633
342
396
572
986
91
851
603
388
806
300
889
479
730
838
563
505
38
356
625
116
374
2
507
808
350
987
358
111
392
250
757
552
233
735
838
106
362
193
224
956
784
446
684
963
537
548
928
246
177
324
908
465
834
868
882
975
61
689
12
285
374
446
653
69
174
964
68
918
84
260
283
766
747
520
110
288
957
811
709
705
530
375
681
477
220
325
988
756
386
431
563
659
795
694
143
164
305
586
825
536
290
503
283
173
919
452
519
175
93
799
362
938
162
926
910
463
963
443
505
453
568
13
525
614
278
534
937
815
591
837
494
814
809
715
609
702
544
789
227
918
896
380
783
2
742
413
749
998
756
488
754
949
896
17
934
274
137
214
659
337
750
415
484
620
663
317
506
51
715
197
267
310
79
778
150
697
810
315
855
368
629
128
922
254
647
200
392
830
356
7
414
612
294
230
80
78
258
426
903
284
857
553
982
524
29
19
942
514
753
807
560
587
39
191
130
680
929
882
352
115
452
101
258
864
748
553
132
684
108
751
761
825
217
130
276
381
552
861
735
824
801
350
843
192
994
979
44
631
230
602
553
547
392
134
485
964
922
549
50
436
586
690
475
995
938
516
749
950
136
491
790
281
670
500
536
114
393
966
839
610
395
548
369
917
847
831
758
65
559
126
27
329
775
427
90
5
754
635
172
446
463
624
874
722
405
657
84
752
715
369
245
421
115
682
322
560
517
902
791
990
85
375
143
590
3
422
14
787
869
718
171
761
863
340
8
242
399
785
672
57
659
709
551
915
7
507
777
261
913
961
63
709
417
852
933
413
437
42
881
811
170
907
784
518
205
407
723
894
266
147
601
241
798
396
17
848
765
883
811
878
839
100
51
712
595
164
41
556
362
673
863
79
376
589
324
618
367
666
765
710
841
726
153
631
461
528
291
502
24
659
839
809
224
405
634
819
830
29
573
883
735
295
435
489
910
571
399
439
819
216
600
895
405
1000
311
711
123
582
524
827
50
540
918
355
883
503
348
97
135
828
968
543
63
989
863
762
843
56
163
402
451
947
946
589
541
268
809
937
291
194
668
923
892
569
958
906
204
743
219
249
860
587
86
208
675
960
843
881
845
268
289
527
362
119
609
678
946
524
744
869
472
882
827
393
60
432
480
768
913
788
321
298
745
551
818
189
58
604
232
485
712
875
776
446
339
342
822
645
134
145
179
369
982
498
890
804
911
281
510
886
653
522
601
739
89
64
191
484
903
247
86
698
794
945
111
201
880
762
324
337
246
931
590
39
72
804
908
877
16
319
682
64
193
903
220
576
604
309
238
710
74
759
232
375
537
127
927
666
901
656
600
816
292
224
316
926
921
604
466
717
770
668
714
232
513
224
764
682
809
921
461
720
63
169
467
793
390
549
753
876
987
104
991
491
496
887
731
737
242
969
956
692
147
925
753
278
880
930
963
706
812
592
948
499
323
604
889
24
800
556
343
73
62
105
653
309
221
306
104
696
132
784
249
333
505
771
277
988
391
283
889
502
364
643
840
876
720
273
194
482
228
46
248
265
275
73
733
329
159
660
779
500
286
137
710
559
11
241
21
746
311
810
553
547
965
420
674
31
128
399
476
417
940
55
407
356
783
238
71
94
358
44
12
927
431
242
277
513
953
847
27
766
320
208
840
464
35
654
910
252
806
510
925
488
168
600
551
912
831
285
362
905
636
652
418
193
474
534
391
615
398
572
606
173
940
441
623
323
874
728
706
193
257
627
649
710
95
432
550
300
940
840
215
519
505
706
918
705
276
390
142
924
661
329
932
518
669
998
254
575
432
274
644
574
377
975
522
767
434
774
231
519
45
252
242
613
801
310
516
345
729
310
549
133
171
654
541
239
767
577
635
326
909
85
794
272
956
514
425
953
382
127
886
104
101
490
730
17
543
181
537
401
531
212
781
310
672
406
659
110
453
78
709
508
113
332
945
301
953
295
28
426
294
730
736
142
646
347
728
867
953
50
515
480
163
745
232
465
550
539
543
309
959
543
