407
574
780
924
715
360
499
688
939
785
781
429
312
242
186
9
78
103
912
154
513
981
928
89
166
736
753
350
980
636
353
199
722
822
881
752
446
505
626
892
729
552
660
53
757
688
304
197
878
797
789
885
153
703
706
269
801
605
93
756
77
121
231
306
526
533
545
796
134
141
485
940
924
26
352
951
389
288
881
507
755
61
987
881
992
549
917
662
609
577
720
788
817
321
142
644
886
845
764
801
100
517
431
266
483
9
15
606
609
474
885
786
225
783
857
806
953
856
901
628
134
720
229
461
54
866
745
749
342
335
232
962
771
802
921
368
278
856
562
666
328
990
668
971
961
655
778
554
101
605
65
281
715
700
933
827
435
29
328
485
314
937
771
422
276
895
720
254
170
335
675
129
540
319
758
808
343
941
244
38
665
27
594
795
548
486
894
440
452
348
487
808
943
939
98
259
909
652
333
244
754
1
45
828
118
737
88
724
5
157
723
756
763
856
966
39
51
246
945
794
379
123
881
75
963
248
64
43
573
306
597
199
563
563
874
944
269
674
479
934
311
746
567
832
914
398
225
835
313
655
675
545
114
109
36
492
950
113
48
333
680
988
25
974
694
504
650
224
465
370
105
210
209
332
624
575
798
364
294
488
631
311
139
167
209
63
482
811
60
715
700
111
921
839
724
100
387
747
39
279
805
611
91
910
364
374
252
35
409
842
383
606
144
438
583
922
9
37
177
595
914
656
668
891
215
682
923
26
882
681
895
197
13
23
97
323
384
183
152
828
242
19
837
697
148
282
931
163
297
502
269
111
356
143
522
701
311
922
297
774
756
56
798
889
925
156
178
481
355
787
880
14
267
996
130
287
682
205
984
355
151
616
941
938
585
609
424
373
791
413
353
165
226
59
800
593
156
45
385
910
364
430
522
150
783
97
449
88
436
240
109
967
914
24
356
578
228
84
798
82
835
120
180
221
868
366
139
933
658
158
302
729
231
873
893
473
65
318
1000
514
796
457
437
342
529
352
56
957
517
957
771
748
284
899
594
60
424
870
690
622
668
439
888
582
13
253
781
296
827
406
242
94
353
342
852
953
465
841
234
162
74
485
94
950
678
91
977
892
621
814
873
856
607
865
64
629
738
890
51
155
921
313
715
170
208
66
460
664
648
559
668
862
442
134
259
767
351
217
670
993
595
797
355
557
947
783
525
412
681
851
672
511
120
529
122
999
777
156
625
754
473
668
988
314
608
195
418
838
882
159
211
609
487
293
220
877
806
612
976
788
364
478
838
782
209
330
79
176
50
732
142
556
826
609
263
940
644
953
816
794
249
183
178
288
531
326
442
202
335
315
235
407
198
483
696
45
387
639
170
661
549
117
176
236
34
12
495
452
173
812
817
139
411
379
893
380
908
545
580
537
230
958
397
863
600
187
322
839
361
972
38
287
496
756
196
129
29
571
51
733
807
656
186
259
258
577
990
260
971
313
675
359
406
262
913
258
755
143
263
129
804
660
542
802
151
510
266
586
176
590
631
561
269
361
734
198
786
924
261
625
985
342
68
824
428
450
694
893
14
446
354
287
868
616
627
770
614
81
790
339
233
829
61
42
203
858
118
355
118
639
972
87
446
873
760
10
844
740
115
99
359
661
697
346
945
188
921
625
389
339
123
778
783
4
420
663
686
20
878
547
363
772
967
289
260
967
163
53
660
885
476
337
747
302
996
129
165
815
378
317
294
21
287
923
735
161
870
79
756
866
35
243
884
729
574
240
897
295
493
589
413
766
103
154
225
958
132
846
156
619
890
858
634
383
88
575
770
219
295
150
289
140
564
786
261
696
510
989
286
676
508
119
118
793
565
311
851
944
690
693
801
589
283
812
216
319
775
120
645
70
943
386
71
939
874
606
853
974
759
92
735
939
255
234
436
941
228
3
133
831
417
707
685
261
165
413
865
882
827
303
688
426
692
689
260
444
599
269
197
545
72
895
182
582
898
113
700
15
245
469
368
303
832
492
542
410
361
735
44
885
350
958
511
134
458
108
360
603
169
245
482
401
318
154
28
784
395
45
679
928
47
776
610
710
141
523
718
905
527
503
994
811
494
81
315
333
726
173
966
407
291
306
804
75
359
64
525
378
603
971
166
817
687
862
413
849
745
225
627
609
600
331
215
600
217
242
396
115
775
841
159
550
10
930
962
758
615
570
878
993
804
504
843
552
592
643
436
472
495
296
659
555
552
968
683
834
863
138
395
761
485
962
868
841
372
908
522
380
123
762
