197
973
273
588
851
419
953
670
975
9
504
124
181
512
927
393
636
971
832
166
312
347
420
179
275
346
518
518
307
185
827
716
138
728
450
236
798
510
981
11
419
772
487
299
885
659
229
388
722
505
539
358
256
404
575
866
638
415
951
668
184
217
60
239
825
245
461
477
648
501
674
360
580
555
201
22
409
9
17
285
485
564
72
169
910
653
384
324
167
227
126
246
20
38
859
654
849
739
104
624
971
680
698
305
751
878
103
492
887
48
680
54
643
127
3
364
731
237
698
108
1
819
270
896
660
355
9
432
842
505
397
9
681
65
987
683
882
792
939
159
361
659
652
107
509
39
190
558
167
887
750
796
178
920
429
218
37
291
898
53
982
213
264
544
155
541
873
928
815
639
521
152
738
705
244
657
771
757
731
750
292
35
224
615
367
781
545
59
797
189
151
266
116
441
47
59
996
223
196
902
477
287
863
58
950
852
18
595
586
811
210
749
375
208
86
167
734
711
534
478
684
857
408
50
979
644
111
661
186
218
381
381
587
432
30
36
337
329
616
4
598
837
866
509
879
938
48
362
390
440
135
435
126
537
260
488
763
114
217
438
1000
888
680
721
214
231
80
646
268
124
709
142
355
78
328
909
34
837
759
123
225
322
166
699
831
8
675
851
438
366
174
240
387
601
1000
325
370
479
321
390
974
398
445
615
556
383
208
483
268
306
597
585
456
910
199
68
934
657
524
961
415
218
747
197
347
412
879
142
660
737
577
755
359
186
54
753
715
67
344
452
942
706
823
927
11
415
215
693
157
249
164
246
99
934
558
660
740
21
633
132
464
639
268
88
741
555
65
788
732
722
565
850
853
517
294
405
531
811
514
520
591
654
768
726
826
386
173
280
144
713
111
748
736
57
241
718
739
653
143
193
223
381
705
58
179
900
914
914
907
6
858
932
665
325
692
569
807
313
698
955
579
853
109
952
122
640
224
929
29
357
563
395
482
336
238
298
624
759
982
935
815
535
906
913
299
470
883
379
324
478
315
362
573
347
37
183
432
953
597
662
293
870
573
695
685
79
127
37
618
117
302
94
861
289
136
849
730
873
510
835
374
320
404
430
39
351
559
597
211
771
800
313
509
828
332
52
671
413
789
478
310
831
120
527
313
203
268
988
715
745
93
2
532
593
951
50
128
211
43
48
732
455
891
523
273
98
47
325
526
122
914
904
457
764
90
248
153
774
320
170
319
978
205
174
855
829
407
657
736
746
421
419
631
385
424
906
346
281
539
280
763
38
58
180
901
834
587
691
246
175
877
645
706
486
354
983
235
499
526
576
254
924
790
73
921
514
22
347
591
154
473
801
549
692
721
841
602
941
174
636
375
706
369
671
625
528
383
82
487
261
789
839
882
481
779
639
509
837
445
231
245
839
325
1
822
545
676
586
131
626
571
461
542
752
343
67
87
746
330
731
766
903
967
743
505
247
308
309
247
996
129
727
877
364
433
551
555
718
536
315
900
662
418
448
205
938
731
482
713
311
31
313
684
204
677
221
358
553
768
82
49
850
316
749
971
437
262
491
563
169
553
649
742
10
278
480
104
268
85
161
679
297
106
819
746
298
217
287
428
319
110
124
986
335
149
41
208
220
422
848
817
348
621
955
237
371
555
747
881
236
323
988
60
869
573
547
345
246
622
829
780
605
461
656
688
168
474
594
198
211
330
362
132
554
193
687
560
19
332
82
264
882
410
622
821
387
519
855
927
665
859
706
793
406
837
220
35
652
408
692
550
437
796
970
673
308
767
717
472
702
562
209
392
496
354
819
438
316
870
8
991
547
193
730
324
469
239
763
201
382
304
351
407
818
802
779
495
471
737
512
692
928
140
556
390
27
671
670
713
893
222
674
446
121
217
79
193
33
889
577
246
164
714
26
51
100
93
520
339
675
830
25
785
931
494
134
800
298
320
959
52
951
475
510
176
423
254
956
36
427
543
639
589
258
448
219
64
556
655
39
579
426
281
459
848
141
862
92
54
633
332
820
651
526
694
158
972
133
586
748
581
474
331
411
693
780
64
207
607
339
745
395
873
419
84
346
761
64
861
963
723
627
513
920
550
591
204
216
329
439
711
433
401
561
609
767
681
419
390
99
361
543
398
459
597
121
447
140
98
123
759
116
970
456
467
421
990
162
607
200
472
395
122
388
200
349
706
659
372
514
912
818
161
303
289
618
789
683
113
279
806
456
307
585
748
391
93
791
504
132
447
821
664
668
679
960
127
934
832
499
114
163
858
728
214
635
438
940
223
564
22
2
793
48
637
425
792
143
481
398
867
446
30
710
958
335
827
363
985
757
91
735
874
805
400
792
125
385
342
111
837
698
677
707
694
320
547
647
455
342
381
251
683
545
774
910
213
840
600
658
972
419
413
470
391
342
266
398
851
42
635
168
531
963
946
89
588
150
951
598
990
219
424
176
237
354
366
261
412
967
398
509
885
86
773
707
40
93
719
753
895
962
733
402
46
597
924
989
74
850
137
83
874
558
300
580
119
409
180
377
935
949
803
839
82
769
463
934
838
406
269
244
672
313
282
151
678
5
622
54
244
723
464
801
730
146
636
368
251
683
988
865
728
712
57
109
872
687
740
960
488
258
671
78
381
23
580
423
196
649
838
934
555
240
189
166
265
559
822
644
445
773
17
638
771
173
759
142
504
937
910
516
667
467
129
628
12
251
221
298
119
17
873
178
683
156
676
604
108
328
5
564
222
540
100
470
702
132
291
42
378
990
998
713
1
863
311
848
268
364
388
765
478
441
706
682
180
468
396
378
176
227
852
73
601
571
857
586
669
714
942
870
839
970
98
127
519
370
857
832
115
571
896
135
384
974
173
771
936
232
683
861
375
61
888
449
798
873
637
799
362
455
3
913
159
728
582
221
943
36
423
969
254
494
93
566
741
213
230
409
461
465
334
711
258
141
93
190
951
104
217
705
994
865
755
404
545
31
656
894
146
295
822
317
308
822
633
960
539
965
636
327
582
85
704
13
317
238
695
114
859
989
194
222
873
970
366
537
715
251
771
970
303
703
697
744
536
570
146
16
202
347
377
988
819
130
7
857
370
440
207
618
863
924
42
42
321
264
529
730
507
55
924
675
244
680
481
330
268
713
590
655
458
513
800
878
345
983
345
708
976
520
355
442
619
349
713
585
570
29
745
294
810
102
995
665
219
109
195
470
313
83
124
925
291
682
262
94
967
262
989
284
96
388
633
364
626
908
930
552
193
341
887
700
369
11
208
110
132
928
585
756
44
571
426
459
535
859
649
190
246
954
411
984
486
501
638
806
144
934
137
342
149
478
968
784
951
830
756
62
918
513
379
979
444
994
829
621
387
642
607
823
400
445
309
852
681
582
550
869
220
373
806
99
939
352
701
941
103
920
715
610
801
804
734
163
470
109
342
109
479
414
431
790
470
214
939
823
36
535
807
692
60
614
197
719
87
396
362
733
655
973
650
257
207
290
147
347
993
629
389
907
57
358
518
89
194
417
115
516
646
611
468
195
609
444
917
523
9
609
510
160
317
636
963
317
507
609
700
284
651
719
467
693
506
24
353
231
209
369
665
619
320
661
422
822
853
438
623
70
158
562
868
576
223
852
724
572
878
724
270
93
897
53
371
509
996
646
429
710
521
222
541
820
41
754
777
432
612
871
437
592
633
800
447
202
940
456
317
839
233
410
100
891
998
674
189
591
294
309
494
514
876
996
75
886
176
742
370
703
916
77
503
796
862
199
246
697
664
359
818
102
287
757
78
960
337
790
490
98
111
728
761
701
433
394
983
3
588
838
377
180
484
455
632
834
700
763
497
274
751
623
390
412
748
230
822
22
504
357
525
991
139
217
316
416
598
799
91
675
412
577
376
689
474
288
532
527
383
541
466
851
36
387
514
349
796
310
625
859
899
785
632
800
917
26
622
733
87
908
236
512
916
420
242
159
882
521
86
143
590
807
19
675
26
806
78
722
108
32
744
245
230
425
404
173
639
708
615
162
934
187
578
89
373
415
506
82
196
425
381
53
353
275
932
656
603
167
582
667
129
477
857
752
899
700
999
494
930
509
528
510
613
918
466
378
864
467
673
343
457
669
690
970
669
551
178
34
949
197
611
874
127
491
729
472
369
755
308
281
982
702
683
439
910
557
77
759
350
437
86
774
71
938
457
799
800
553
656
522
218
497
424
856
775
907
111
396
530
431
876
234
645
204
70
576
604
949
251
313
785
877
868
240
810
978
670
102
302
130
212
624
596
625
833
123
641
342
334
510
959
365
740
168
374
921
71
593
638
712
283
798
904
710
603
283
382
544
878
184
358
829
417
429
566
686
222
499
130
72
798
550
810
955
49
586
797
400
166
723
889
60
165
266
455
736
210
204
478
353
444
533
769
754
468
449
548
605
901
552
914
879
378
951
55
349
347
554
767
540
30
289
1
24
723
797
772
380
897
734
922
77
59
84
567
567
861
761
297
169
611
757
355
685
712
861
395
576
78
543
967
229
919
594
592
133
555
505
944
568
534
765
612
448
946
345
194
210
427
347
437
420
915
115
63
140
526
232
424
494
822
371
435
901
662
861
940
113
352
679
641
877
530
573
85
939
211
628
195
671
86
61
580
955
239
244
8
585
669
896
31
957
664
698
838
29
439
104
813
7
355
817
451
57
634
63
575
290
145
736
708
681
82
47
300
158
71
802
821
783
278
479
129
531
509
350
693
805
942
93
90
270
18
480
944
212
672
796
918
702
401
77
905
573
982
429
374
772
182
92
679
394
470
618
308
358
362
830
557
70
701
179
743
734
261
257
773
493
101
145
649
526
110
571
361
206
849
637
34
779
948
393
464
417
748
606
71
22
567
690
897
326
582
220
160
985
811
797
544
347
619
799
498
217
94
356
27
846
787
544
476
243
575
345
960
80
670
986
981
310
53
180
887
152
941
564
270
426
82
722
581
84
939
684
789
777
522
327
596
448
544
578
334
47
249
245
62
708
636
532
92
748
150
997
167
994
441
323
623
21
280
10
200
168
920
328
66
461
760
502
498
647
291
666
659
871
306
407
884
739
903
138
314
986
758
770
571
616
36
507
808
804
576
301
134
937
249
545
650
63
100
862
130
253
911
47
688
818
666
616
185
378
135
268
432
167
160
400
721
3
989
924
414
201
16
390
581
416
467
786
424
707
414
172
262
243
927
482
531
348
736
968
875
695
191
342
518
675
844
251
117
916
732
465
893
544
729
984
835
71
45
61
966
147
496
956
908
177
843
903
845
826
975
741
393
39
217
256
858
782
933
168
643
746
821
555
817
656
456
932
194
980
899
15
339
658
985
583
280
531
620
942
781
630
470
407
879
644
961
909
113
763
363
935
523
199
747
160
935
762
555
929
942
140
164
182
213
936
684
959
2
294
544
280
611
411
466
194
522
491
277
487
312
465
828
806
708
814
373
24
640
10
847
241
426
788
648
989
983
390
236
27
249
939
755
44
882
3
919
264
929
680
214
882
853
440
622
132
168
491
167
298
783
78
594
761
922
434
609
826
775
966
857
193
119
277
30
354
844
603
683
623
871
454
325
595
337
997
474
30
845
864
817
33
942
25
529
940
73
850
746
994
731
944
408
430
758
836
960
673
146
288
972
75
529
192
478
547
424
473
72
224
560
681
136
986
56
523
660
529
848
626
590
232
151
126
280
236
963
601
503
558
990
774
677
206
111
125
515
717
366
319
927
622
508
581
810
513
736
632
925
552
541
774
816
562
675
542
622
128
695
195
70
77
361
264
364
861
908
651
938
457
889
339
82
78
628
749
257
630
293
550
858
865
733
761
213
117
853
299
22
383
304
173
274
776
532
422
133
800
173
307
705
311
447
748
855
301
428
200
880
665
98
627
1
439
418
660
526
400
379
186
958
883
682
527
112
65
526
197
155
199
477
950
164
473
30
990
236
598
586
917
183
93
105
834
193
229
905
752
710
162
16
344
658
988
537
655
952
489
813
883
911
576
696
506
929
7
552
689
426
352
12
24
830
505
821
181
180
176
430
100
369
488
283
267
656
582
1
120
621
562
994
604
161
623
656
507
431
773
735
996
877
492
677
576
384
580
707
654
454
259
63
937
394
263
514
588
900
122
502
898
231
539
55
747
508
490
803
877
758
742
119
328
12
786
84
588
255
488
36
722
690
226
989
4
184
935
742
245
319
344
38
706
103
652
317
243
436
834
552
471
862
372
192
135
361
199
607
707
387
997
192
295
956
385
843
654
412
950
911
465
19
647
952
615
37
936
904
756
685
161
303
554
223
40
491
901
854
459
360
736
940
672
842
459
260
318
513
485
346
130
91
890
142
747
399
759
537
310
333
257
265
566
561
707
91
989
934
365
574
322
191
668
872
297
435
812
870
632
887
689
230
960
308
642
777
341
270
640
622
507
61
597
156
751
724
80
887
994
175
47
915
714
19
988
562
59
131
53
454
127
79
508
195
1000
222
891
144
441
742
691
759
583
284
447
938
344
62
720
232
460
909
107
401
139
419
604
206
49
544
518
997
841
301
354
409
450
172
84
968
693
752
933
431
343
810
160
494
71
580
65
900
175
476
139
591
387
799
38
186
251
175
812
165
798
728
398
868
621
961
14
539
203
226
7
1
540
851
750
993
10
223
60
206
55
616
368
701
610
485
472
1
837
221
885
18
642
210
871
242
571
256
392
268
461
728
657
772
867
152
109
367
368
447
529
1000
854
382
433
226
32
454
891
686
279
277
127
156
326
607
541
345
577
668
370
274
876
723
147
263
260
586
850
216
789
990
79
357
564
871
578
836
106
575
260
239
496
187
723
775
686
151
522
681
404
773
720
397
289
240
498
228
51
745
124
319
275
17
773
453
270
866
415
500
923
845
879
546
772
287
258
503
226
626
395
691
398
319
65
514
760
908
948
803
168
683
673
360
958
807
17
268
122
502
832
673
841
722
991
140
963
294
946
505
7
642
53
6
606
347
304
522
423
137
323
911
150
177
245
2
299
59
499
395
106
752
337
590
114
304
101
655
145
676
76
917
21
752
946
111
707
729
865
218
431
806
397
317
148
118
449
923
756
381
949
439
289
493
372
50
235
870
515
21
532
626
557
806
779
199
804
723
182
889
407
769
737
134
288
633
708
933
994
281
323
22
982
509
300
383
179
530
243
547
876
791
66
980
64
763
825
13
913
654
701
374
329
775
777
306
960
577
814
346
573
555
743
385
252
374
833
596
278
864
180
251
328
174
994
215
288
288
154
421
519
419
387
47
600
54
391
499
370
469
789
938
265
646
542
75
994
291
997
63
915
836
956
979
538
259
379
14
907
994
669
342
598
892
39
867
971
469
290
59
492
480
173
44
11
429
908
309
396
330
621
774
848
291
85
666
369
298
474
339
812
20
683
910
983
195
339
608
536
602
581
972
32
547
74
803
684
591
296
920
527
638
214
911
652
889
405
556
428
131
768
805
415
823
870
863
11
413
26
164
193
916
50
969
755
626
633
513
66
188
871
637
985
824
202
408
921
321
662
97
495
412
814
423
955
806
935
514
277
192
754
994
72
745
995
250
849
868
206
697
811
336
597
652
494
491
164
575
861
880
557
19
939
754
173
786
661
357
131
524
977
134
432
814
143
312
218
231
409
753
356
161
556
646
664
263
536
540
369
210
978
303
74
37
778
233
90
235
463
587
578
267
214
229
681
385
42
806
370
320
547
234
88
864
81
280
389
444
939
90
515
993
173
315
165
659
555
848
365
927
12
127
262
427
23
172
741
434
612
758
881
415
763
191
235
94
648
632
113
226
843
792
333
610
573
243
683
972
607
238
765
871
11
335
2
514
947
25
25
488
304
747
627
680
97
182
800
837
576
648
171
619
657
674
96
449
941
508
672
194
771
766
960
854
655
796
878
217
772
948
540
759
226
827
404
187
376
489
868
330
934
637
814
68
64
1000
502
160
822
386
186
750
697
374
742
382
582
385
718
785
122
986
879
37
15
500
922
312
604
851
843
32
333
960
186
73
84
427
113
445
353
754
659
851
487
189
157
524
14
507
53
714
14
328
947
130
254
341
662
209
163
131
478
611
451
94
839
995
503
314
783
769
170
966
138
559
362
367
410
470
122
47
79
749
339
74
948
800
560
722
278
549
554
591
277
703
225
64
615
629
329
454
481
624
519
573
879
55
317
644
198
464
170
645
198
688
838
540
758
951
275
991
679
466
354
132
697
745
738
697
795
571
324
176
850
608
471
411
238
773
323
542
481
929
278
373
545
204
805
284
771
711
301
601
263
695
426
290
834
554
811
328
721
308
894
533
777
828
168
101
213
606
836
971
57
325
63
718
635
478
210
228
983
582
88
191
522
817
433
181
504
735
486
562
108
136
721
332
471
385
363
197
308
647
473
299
192
899
678
160
720
187
970
285
925
490
13
26
805
710
618
835
307
15
736
265
572
893
772
655
242
450
851
212
253
555
455
59
26
771
706
722
460
750
632
431
16
898
47
792
31
130
194
393
634
731
856
977
726
141
221
176
597
216
481
397
117
514
967
544
716
792
366
14
827
121
979
203
943
164
746
185
465
787
577
370
604
536
30
527
322
550
403
990
847
950
487
91
79
209
38
676
885
484
495
820
61
355
387
3
85
826
232
685
827
971
221
582
488
603
120
149
860
831
210
681
97
489
620
919
544
591
792
682
393
585
11
870
50
726
492
179
114
692
262
494
623
891
820
984
900
512
446
406
749
495
904
559
618
524
863
104
688
964
494
546
239
52
576
46
252
762
70
584
684
899
38
857
125
189
41
362
228
288
44
579
184
664
131
384
259
929
771
990
345
39
692
951
238
189
305
345
556
250
186
529
89
586
334
522
374
384
508
810
237
139
358
258
522
331
782
852
245
978
714
684
695
162
281
975
602
237
283
515
923
519
67
709
522
149
998
607
6
495
445
487
956
778
146
423
664
199
966
741
82
188
943
450
116
157
800
830
526
411
357
443
127
348
937
172
732
5
741
481
576
350
577
540
461
224
199
994
733
257
453
312
550
380
53
317
939
780
990
685
388
277
890
418
321
479
951
853
342
101
909
419
936
852
572
518
227
644
170
271
189
574
158
305
597
300
685
538
741
971
627
402
264
176
302
339
507
3
784
877
925
300
761
767
682
804
414
150
9
498
510
968
901
457
808
42
972
772
731
787
685
801
423
955
106
150
318
532
912
117
144
583
214
197
124
68
292
333
694
991
959
264
864
150
745
294
659
693
751
143
808
394
877
998
637
909
206
598
866
230
355
339
753
914
848
531
481
584
538
902
707
718
999
13
310
641
484
692
947
14
165
581
204
880
480
124
903
666
955
380
468
62
49
15
518
228
51
738
873
635
514
651
674
884
357
18
600
807
846
93
287
94
104
91
589
788
117
403
549
437
404
553
827
210
561
997
872
47
398
43
843
651
707
530
333
239
854
440
860
508
425
481
544
752
741
476
618
95
881
467
962
198
71
304
253
702
699
471
426
757
438
337
835
641
930
341
663
772
774
434
248
676
221
100
409
996
503
204
851
232
864
490
80
917
436
725
436
316
251
840
1000
907
256
532
762
144
234
890
194
588
965
51
326
344
165
402
599
302
951
513
512
296
984
179
73
257
50
902
302
289
705
918
348
284
161
254
550
318
715
704
100
595
146
519
608
62
710
683
422
137
33
397
738
892
851
801
462
368
442
124
272
870
994
275
749
871
226
517
297
710
835
416
762
406
825
142
61
170
993
957
879
823
131
50
666
398
672
300
820
800
412
56
450
306
2
691
92
637
536
727
731
496
267
428
877
182
658
976
810
616
258
364
643
153
689
401
363
719
856
819
609
140
646
320
318
885
974
128
79
689
471
188
360
47
673
131
872
531
478
158
47
660
98
369
510
672
280
561
73
322
968
216
630
436
513
236
983
23
351
625
894
834
395
875
49
548
506
990
369
853
512
999
994
589
346
658
531
86
26
120
253
783
981
384
265
236
732
663
674
842
391
668
470
318
314
890
142
964
43
480
489
345
584
353
80
120
2
338
954
852
135
752
511
19
318
310
984
582
217
506
132
828
424
494
844
250
441
96
989
382
351
587
975
385
8
1000
739
455
74
811
239
898
915
868
588
315
677
923
800
975
523
325
824
135
452
112
929
679
343
649
554
617
851
10
692
67
719
574
48
497
696
347
365
565
762
741
864
95
696
175
871
811
920
185
881
280
210
986
793
147
221
328
347
695
10
373
788
376
397
690
203
239
900
816
302
404
599
384
187
411
778
460
307
545
663
819
430
843
35
694
417
709
594
47
139
397
520
449
91
574
916
336
197
662
427
529
734
256
375
374
391
427
274
550
724
925
3
552
535
833
500
885
857
338
1000
563
140
648
112
53
40
159
244
682
275
901
952
528
91
190
649
80
225
69
206
678
847
867
901
6
487
411
285
960
632
56
759
628
974
442
941
470
958
841
856
734
637
31
623
9
196
461
590
967
323
747
452
714
58
992
486
573
574
765
719
638
880
670
659
584
876
79
767
227
203
441
80
497
655
69
278
553
825
765
688
968
644
256
959
520
127
527
179
786
502
86
42
985
40
628
95
925
958
145
842
206
253
305
144
77
43
655
986
861
653
24
685
338
144
781
779
286
512
273
37
76
674
306
953
790
573
457
708
546
3
200
470
11
577
794
828
972
3
638
868
620
830
271
600
277
382
788
596
150
969
592
873
425
763
720
392
231
335
176
839
183
129
956
262
339
391
518
457
144
563
140
605
953
538
980
830
856
306
131
375
453
376
399
69
448
261
473
890
271
472
540
493
422
382
495
114
672
682
401
873
779
604
816
720
769
426
51
594
669
90
612
803
388
12
983
692
969
570
511
990
895
531
505
209
740
811
310
737
433
278
180
107
137
559
323
342
342
765
954
699
174
222
734
268
231
294
460
333
986
136
98
756
294
494
726
435
379
870
470
140
185
799
936
516
426
806
516
41
175
339
250
688
864
850
284
862
487
602
992
236
83
697
802
551
742
178
480
636
193
103
577
990
88
767
194
888
101
726
774
902
538
999
325
353
615
643
224
409
900
297
797
887
693
896
663
185
404
697
980
316
340
769
658
718
508
915
293
948
67
510
155
465
202
78
628
755
986
43
65
496
614
847
926
38
369
209
84
538
705
203
699
834
889
528
898
860
983
289
535
847
15
806
952
496
708
219
807
745
575
470
503
709
63
306
977
450
687
630
930
429
607
647
218
743
700
872
320
744
65
67
967
978
557
73
496
481
853
600
451
482
603
238
978
250
360
940
226
482
287
632
85
487
479
539
985
280
928
647
747
121
363
672
764
655
207
185
217
54
166
182
698
852
394
251
6
463
977
650
413
701
278
464
9
524
608
980
969
764
850
844
688
725
877
266
902
980
26
670
427
940
787
524
857
563
991
986
290
548
825
430
812
927
611
701
423
428
5
962
34
280
501
159
766
418
864
375
741
338
998
304
630
219
317
160
819
573
296
432
859
533
814
869
36
858
467
105
806
978
322
676
959
879
249
800
160
79
798
77
318
637
626
867
239
302
946
20
713
674
378
818
990
204
894
722
129
659
929
872
889
666
70
524
96
688
846
972
319
98
679
572
975
59
937
715
552
13
744
252
754
17
344
965
91
448
678
750
39
394
314
892
633
939
819
147
901
785
123
819
544
426
84
987
939
419
749
377
29
474
940
809
567
493
820
43
728
902
128
201
325
708
766
633
414
863
424
758
544
187
289
656
630
442
901
463
566
525
542
357
285
732
862
161
284
677
187
29
825
131
279
394
435
693
955
568
645
217
833
382
279
556
628
597
421
435
881
903
161
571
525
893
978
941
929
511
130
519
816
902
388
789
134
985
587
476
439
611
722
829
246
166
737
252
467
120
508
62
293
440
62
322
148
207
170
95
617
714
710
811
772
284
638
187
225
462
467
939
881
9
1000
368
833
642
744
20
644
440
925
901
613
594
173
387
111
924
960
108
11
316
355
980
18
645
276
581
667
825
727
213
927
397
200
457
999
184
775
495
46
31
206
127
657
596
2
178
323
825
516
861
856
785
599
578
586
268
473
981
951
178
373
771
217
58
649
118
675
240
289
103
552
440
740
625
280
761
928
254
673
709
161
284
773
943
4
189
388
21
384
944
265
809
693
460
750
357
81
707
927
989
4
779
61
170
900
553
740
778
422
177
818
57
854
314
397
921
581
687
347
558
175
656
839
182
859
113
867
879
172
374
667
156
868
847
746
449
675
622
672
436
576
779
435
355
86
829
920
863
889
401
188
683
160
605
389
788
283
46
371
129
122
200
342
330
465
398
528
492
425
272
640
870
911
824
528
876
721
198
837
546
205
714
922
124
280
364
165
344
269
789
703
33
686
657
902
950
509
369
835
221
103
984
862
323
217
725
315
975
860
607
591
343
651
806
380
221
991
967
483
234
783
99
552
272
232
477
766
916
159
949
139
838
493
405
29
310
792
284
560
895
945
471
441
383
840
733
170
948
316
639
559
420
696
946
338
442
568
380
962
973
149
367
822
71
162
455
80
2
110
175
107
14
17
887
376
507
474
57
134
683
127
346
118
408
956
289
282
553
144
908
794
697
682
895
125
915
493
266
491
826
117
874
297
854
632
700
253
132
459
756
260
430
460
410
266
673
665
274
896
265
985
792
200
553
71
707
578
718
567
213
100
805
462
994
815
820
713
436
303
799
37
485
176
641
436
55
360
31
535
869
950
552
781
857
561
146
316
688
486
680
674
75
629
371
550
833
16
1
571
450
22
530
614
780
325
450
995
154
425
398
195
300
188
593
595
860
921
134
847
861
95
510
979
455
666
2
108
198
848
166
633
213
635
15
863
181
134
707
929
225
186
825
629
238
555
806
477
615
718
480
544
605
526
201
577
398
300
25
843
895
547
436
328
352
946
1
429
537
123
631
916
757
774
283
533
71
244
527
753
133
38
381
526
338
719
239
618
699
148
726
33
966
775
737
107
825
976
74
145
478
579
383
334
495
261
451
805
166
321
207
607
339
602
894
705
807
866
146
331
127
156
718
769
352
738
61
575
55
444
533
563
836
342
846
501
20
97
819
493
345
204
924
336
588
61
993
710
120
24
83
429
663
421
545
423
301
273
977
153
977
16
313
165
276
369
215
810
4
858
984
99
941
111
268
348
206
407
308
26
773
701
814
246
954
364
820
91
796
602
604
49
231
124
142
439
641
496
855
533
207
552
554
25
880
538
638
181
989
335
691
37
964
709
870
131
403
999
277
510
822
75
39
507
947
129
854
216
414
524
687
206
691
268
631
289
68
687
323
233
991
563
146
398
298
792
106
368
622
152
100
544
161
258
364
750
508
589
94
527
832
272
248
852
537
511
845
723
365
65
283
823
469
885
489
965
871
633
61
778
520
834
693
554
543
155
63
655
373
227
737
439
621
547
856
615
432
293
648
705
766
60
699
915
281
988
622
737
964
477
964
353
35
752
440
92
824
700
390
689
814
627
968
729
489
445
855
470
79
175
902
506
148
531
644
354
351
158
644
395
214
612
694
987
662
660
131
351
560
343
654
406
78
599
783
511
168
957
158
734
474
739
550
25
578
37
982
430
358
12
145
719
616
499
923
962
642
31
668
99
775
837
106
46
463
228
248
812
671
939
519
793
914
157
626
41
558
684
846
568
487
945
455
894
199
249
323
660
96
753
926
531
554
900
287
263
1
923
820
795
460
913
606
648
970
354
336
478
975
782
943
972
556
1000
812
718
994
135
986
625
482
707
126
345
28
173
842
942
172
740
983
458
806
116
115
30
44
226
781
808
908
437
379
630
314
896
770
751
289
466
67
278
331
792
293
427
781
547
67
990
111
720
694
314
319
546
425
379
92
687
748
784
450
170
618
885
817
164
254
7
352
121
498
599
605
415
234
48
747
814
331
135
64
300
212
682
358
671
547
716
474
90
435
15
373
961
122
578
381
343
726
922
1000
14
93
547
476
342
459
104
648
848
81
252
965
185
492
197
593
768
202
729
434
698
612
650
777
766
642
456
280
179
67
835
713
458
993
4
876
235
616
949
854
924
112
778
262
327
137
342
434
621
509
345
40
595
807
569
974
37
500
278
499
776
501
15
227
341
906
34
454
71
581
673
530
52
317
654
657
795
306
417
785
818
199
546
673
177
375
763
870
588
420
226
712
773
537
766
380
294
715
342
724
994
182
840
424
351
615
772
19
294
18
83
222
592
679
4
619
529
370
886
272
371
196
930
306
108
855
180
124
654
128
155
44
985
873
517
657
513
184
353
816
875
260
292
999
824
787
467
685
841
771
43
298
55
108
306
774
141
209
285
899
678
637
221
993
398
700
597
913
235
892
750
260
2
242
147
145
88
532
436
525
957
749
976
97
812
801
49
77
249
4
560
47
132
957
969
809
668
525
917
907
636
298
146
483
775
836
576
814
722
153
578
691
189
388
595
929
252
833
854
594
35
734
807
615
146
944
818
621
93
517
19
857
396
680
621
428
236
753
709
699
38
831
974
544
486
701
620
531
526
15
54
669
676
736
855
767
986
295
575
652
524
851
990
247
382
61
856
447
683
626
968
52
347
811
534
662
717
678
122
939
466
581
766
91
813
183
379
10
391
946
412
434
70
732
423
596
752
249
252
721
644
903
666
43
429
35
556
905
122
606
106
363
739
905
278
256
411
427
760
280
388
338
372
748
505
321
895
699
902
429
89
618
174
871
183
427
795
855
971
757
88
940
757
225
983
442
16
72
81
18
632
707
890
817
145
787
543
190
780
266
728
889
546
74
669
530
230
111
221
970
981
418
97
251
609
301
362
761
67
442
469
247
691
451
288
122
941
162
468
903
30
149
713
20
440
847
291
688
829
294
67
90
849
970
596
90
264
417
868
258
792
54
612
393
125
770
755
817
918
730
993
187
141
672
909
660
419
692
184
559
431
760
755
850
291
552
48
121
225
975
696
916
351
999
870
37
237
664
302
366
535
113
222
55
216
341
898
866
915
967
84
568
288
860
721
157
77
939
779
214
562
12
951
494
642
99
316
856
183
550
586
22
981
791
10
392
920
559
431
344
957
665
882
353
598
917
375
23
315
429
827
458
769
824
551
378
379
107
386
570
338
477
703
761
907
619
748
76
959
248
912
687
43
170
957
131
397
791
797
316
458
814
486
616
481
768
626
10
9
76
572
600
64
999
996
628
438
287
608
683
267
569
741
562
649
103
35
394
20
649
53
891
462
515
238
530
500
986
745
719
829
473
855
976
923
808
778
222
126
340
689
294
492
45
726
736
157
538
939
650
432
528
547
715
353
816
460
77
626
743
332
596
388
509
278
995
681
742
355
44
514
289
588
728
305
806
634
712
809
417
799
105
791
847
923
65
913
256
891
311
286
649
316
706
595
112
701
395
935
791
545
491
869
342
414
143
558
809
458
122
347
668
755
229
152
365
743
79
648
922
515
774
269
666
158
821
596
437
910
945
457
402
952
161
243
839
278
148
994
329
642
169
215
546
150
415
727
476
547
42
763
683
835
806
525
689
735
568
472
870
161
645
617
739
885
57
558
899
45
533
420
810
145
100
855
233
447
16
346
267
620
116
545
658
445
284
787
908
325
520
256
20
893
15
525
946
161
743
179
947
335
633
641
266
761
664
406
219
876
319
3
477
774
208
936
852
982
181
806
180
655
294
261
273
645
366
719
331
706
755
339
103
673
833
671
98
721
976
466
204
83
986
732
490
197
267
232
517
196
837
860
543
666
464
101
668
97
656
109
918
846
283
149
15
205
695
545
870
572
950
465
160
917
736
751
469
792
594
568
552
675
88
324
885
283
593
264
49
272
90
175
515
510
764
179
588
736
489
809
946
266
466
53
728
557
569
263
708
699
415
738
659
237
414
686
890
132
383
694
375
877
628
872
601
762
826
147
274
742
222
36
320
691
852
58
562
883
757
135
640
369
41
513
238
582
210
549
196
984
647
952
248
158
337
513
219
752
737
44
334
281
287
683
568
744
665
267
371
454
218
271
213
420
140
802
237
551
845
26
373
589
871
717
611
496
374
291
275
161
488
517
150
12
809
867
881
770
111
957
428
350
406
510
246
708
234
256
289
946
906
385
713
748
109
977
842
872
1
428
336
868
925
403
544
797
601
556
625
469
694
211
316
1
867
981
198
615
637
342
3
843
325
765
437
976
210
365
233
772
90
260
468
439
642
245
515
339
157
753
962
212
641
883
561
791
854
425
384
661
189
670
649
678
152
375
783
966
669
120
772
959
546
862
936
275
604
575
828
494
387
876
741
805
122
489
726
248
591
457
901
483
292
30
845
306
987
820
675
348
511
719
936
177
893
55
770
43
548
844
204
215
963
973
705
53
265
971
910
912
954
527
245
270
319
666
352
305
45
42
442
384
750
376
396
71
481
74
375
495
875
702
260
812
251
188
310
618
513
323
21
890
711
191
346
630
737
348
297
646
845
309
645
986
151
754
618
580
204
504
644
639
846
740
315
701
7
244
892
605
92
797
918
593
226
784
179
775
846
399
891
770
26
154
982
645
101
668
558
920
609
571
714
865
684
464
953
302
806
326
589
918
585
28
733
228
888
23
308
342
999
953
410
874
328
346
742
757
55
583
706
540
578
180
751
949
5
519
915
478
993
782
550
294
705
207
466
226
357
28
577
975
696
818
596
600
731
328
46
188
184
756
133
318
531
205
99
539
124
699
592
82
16
232
998
921
738
896
87
996
806
806
697
759
182
874
709
144
697
8
144
925
515
349
316
789
262
760
523
741
259
903
152
290
933
282
558
778
225
437
811
189
603
593
614
60
282
222
195
462
142
748
562
938
420
695
771
465
138
90
94
196
624
641
633
157
516
237
547
444
777
822
60
412
170
656
98
838
534
822
121
987
9
131
885
830
201
335
550
476
704
407
667
193
872
726
420
272
271
829
339
845
43
435
337
558
370
246
665
114
457
516
628
394
579
223
769
627
602
63
92
767
103
549
924
516
363
42
950
93
597
313
523
498
319
902
28
279
782
111
547
269
457
443
259
596
627
916
245
345
250
850
780
47
624
621
181
632
424
740
366
701
169
684
781
701
122
236
818
301
103
677
964
49
1000
905
693
399
512
273
682
711
692
786
632
949
585
490
871
602
421
815
382
449
572
834
817
776
868
786
341
671
343
434
584
616
875
613
71
924
976
956
864
547
131
94
891
2
386
126
699
127
395
354
904
71
732
802
228
581
865
231
377
876
162
184
672
818
697
633
257
842
627
963
890
362
340
78
169
596
854
431
251
378
949
113
209
365
871
689
24
816
914
346
683
136
693
582
968
507
906
583
138
63
28
149
141
757
211
70
90
113
612
41
568
808
733
217
228
623
841
712
744
585
890
869
395
259
310
905
119
866
464
542
148
311
143
277
291
833
215
726
607
719
517
127
130
381
968
126
681
250
584
397
867
516
267
483
754
806
40
331
721
925
676
818
249
71
155
734
492
574
768
525
400
589
130
707
585
583
161
731
17
394
635
370
950
843
462
764
200
286
197
626
908
856
590
774
642
123
973
159
128
982
102
107
753
428
25
654
438
488
974
688
332
685
130
423
613
312
791
932
314
718
874
20
520
889
780
258
66
71
221
66
188
102
997
334
383
516
372
63
376
253
627
967
282
338
415
285
528
380
652
733
617
669
250
823
353
112
51
435
101
344
364
645
647
112
993
555
118
749
514
493
486
802
445
320
221
178
653
428
621
446
576
988
640
615
931
596
163
112
638
234
664
464
154
738
52
488
311
3
561
213
524
19
908
354
740
723
472
826
741
785
832
716
903
115
999
69
836
887
141
807
809
854
274
790
521
564
559
601
302
881
405
230
547
924
726
950
369
285
972
994
611
522
170
919
148
735
350
300
345
41
739
209
347
181
562
617
403
679
986
639
465
150
541
778
428
683
285
558
977
749
757
189
750
342
54
624
695
309
482
282
869
962
520
919
835
474
386
982
541
47
416
287
398
755
901
110
382
644
713
193
145
59
772
887
790
41
800
687
745
319
268
229
707
790
851
643
798
360
522
455
846
866
588
812
598
628
680
928
937
686
226
850
679
445
299
85
53
440
524
789
200
405
768
284
443
585
788
485
738
424
635
809
257
992
879
147
137
373
85
598
365
860
960
644
189
439
785
953
472
655
845
750
888
452
958
884
210
815
602
485
413
639
406
762
736
501
140
850
610
769
773
135
225
989
930
987
716
206
886
769
612
638
963
139
253
66
976
687
983
309
751
452
514
46
901
37
225
87
864
409
908
958
279
332
893
200
965
489
118
352
258
962
644
456
535
130
443
283
815
593
978
177
347
816
112
602
39
656
531
27
555
415
87
310
325
903
543
639
716
128
377
592
539
962
325
639
886
792
144
148
144
76
569
19
948
665
802
575
119
124
400
139
149
510
414
957
308
851
679
507
773
247
963
96
358
247
193
780
932
760
318
931
42
720
433
186
56
248
560
177
520
372
286
383
651
892
597
838
765
967
369
259
339
226
968
171
343
73
21
526
222
145
27
441
735
660
284
361
485
903
2
3
447
159
424
860
115
922
948
724
751
630
440
907
565
734
566
48
361
453
9
329
402
464
541
721
193
710
981
821
993
886
782
197
233
411
454
376
954
580
480
596
519
454
197
568
135
141
388
677
595
329
36
71
680
805
147
508
523
510
915
821
505
147
244
460
143
107
10
949
293
747
103
120
565
295
454
743
314
734
909
354
613
694
381
942
681
904
46
910
444
34
244
255
233
352
13
368
196
303
882
594
219
872
985
398
555
591
915
5
90
456
506
234
613
111
79
910
140
821
654
829
444
698
954
6
831
566
402
423
271
77
135
814
205
742
119
295
955
393
532
761
326
980
747
279
499
148
498
186
680
267
561
867
487
907
127
301
104
216
958
181
193
869
369
702
950
404
165
651
244
16
908
293
129
675
328
950
926
497
11
692
459
513
896
126
260
578
822
539
948
518
613
926
116
535
656
41
440
614
626
500
14
609
512
556
248
932
420
751
361
277
369
759
564
768
882
775
70
698
853
901
161
268
433
953
795
679
868
59
407
808
640
515
782
629
106
14
884
13
749
388
349
268
998
607
303
652
374
954
778
51
686
216
534
931
180
467
158
270
948
975
500
486
517
632
157
173
759
424
858
908
58
168
94
90
273
372
650
794
607
847
214
490
858
253
975
479
772
388
262
53
158
68
587
381
77
228
469
216
110
12
354
11
827
664
573
275
393
261
117
99
158
256
788
853
404
569
514
21
234
982
277
14
536
435
17
371
148
288
925
393
301
84
412
46
997
45
973
119
427
782
299
87
818
832
694
429
611
547
677
948
136
260
733
874
230
389
369
446
69
63
731
307
827
38
56
675
508
454
356
338
844
896
364
944
984
597
368
895
630
684
382
726
964
759
976
691
682
123
680
165
46
610
301
975
11
16
738
515
15
984
496
669
912
384
427
793
937
432
203
888
89
718
701
704
298
107
541
687
734
199
919
318
684
47
278
814
23
702
876
720
944
238
322
427
108
476
32
824
685
51
266
65
581
550
923
236
651
791
550
616
869
567
95
540
206
865
114
468
641
641
441
710
323
109
93
532
39
765
42
327
366
336
311
456
310
187
436
880
846
487
835
150
797
358
436
434
537
628
620
356
859
894
42
55
358
873
205
998
407
393
622
117
332
957
433
855
629
63
243
767
228
312
602
829
737
231
220
546
622
933
599
609
129
831
370
508
493
817
911
396
355
223
943
389
522
478
112
597
539
849
278
308
977
945
409
119
805
936
312
27
188
885
693
790
871
58
102
60
373
701
278
393
21
165
964
257
358
686
756
392
593
383
972
414
365
202
128
214
776
704
62
198
713
475
724
508
106
742
749
43
857
19
569
235
71
971
887
14
594
16
635
152
977
375
1
176
328
683
852
386
734
304
674
890
531
510
716
846
835
3
879
750
701
637
337
246
741
639
808
633
719
792
50
617
329
996
10
706
910
417
818
26
591
9
200
601
432
293
80
998
932
668
102
99
93
995
335
251
729
579
348
759
341
386
488
344
179
436
118
984
41
907
676
501
763
784
510
952
544
309
696
100
580
287
365
225
643
856
716
213
976
770
255
197
826
4
28
851
889
465
372
761
860
431
542
666
136
560
642
411
862
270
110
389
572
604
289
366
916
571
811
507
704
244
912
219
938
572
887
732
174
261
200
942
268
153
442
143
862
511
454
298
422
27
214
832
609
554
925
110
42
486
405
799
541
799
207
777
2
980
920
127
103
742
138
761
702
930
316
521
244
489
682
252
655
853
956
298
94
221
506
899
939
703
973
149
931
587
115
338
442
306
776
254
199
799
317
252
416
665
492
416
272
931
908
918
910
288
917
45
318
572
509
292
981
61
693
657
392
994
406
642
371
881
4
113
610
399
542
418
995
469
181
176
890
360
214
515
850
718
392
428
620
407
581
817
348
979
946
526
268
602
566
579
390
853
913
728
671
260
246
884
892
155
340
746
798
295
90
573
263
367
860
966
659
85
48
804
591
736
659
763
227
226
876
169
37
78
273
145
546
30
11
194
22
571
942
857
244
162
898
190
597
21
940
389
762
417
55
797
327
73
679
791
839
526
272
771
266
340
743
704
11
566
395
962
695
895
478
766
280
218
736
826
488
154
55
708
812
471
788
526
677
171
188
426
766
272
898
273
495
499
32
611
102
620
863
59
199
739
634
796
250
871
418
316
216
568
148
320
736
190
789
952
881
114
791
337
686
443
782
789
133
622
234
826
27
272
338
835
274
565
314
611
213
281
656
233
132
114
163
991
694
139
223
707
246
700
393
995
442
309
889
198
342
14
718
958
152
670
679
324
340
181
276
413
110
574
540
418
762
73
777
972
278
25
761
624
670
812
530
215
82
339
59
475
216
196
209
613
160
517
610
474
628
907
574
555
78
496
446
714
185
435
29
839
810
6
419
699
502
891
23
700
425
105
417
954
966
211
477
916
63
848
974
990
680
22
281
43
999
526
31
517
930
892
782
12
700
498
793
563
583
951
422
989
725
559
892
351
420
961
832
127
525
864
160
344
814
208
544
476
225
151
402
860
517
150
313
502
720
235
127
156
771
121
606
247
276
946
752
78
919
759
798
148
272
21
347
352
779
864
699
410
78
334
828
419
217
365
959
472
222
849
662
944
265
533
143
241
474
690
719
620
575
330
598
402
906
34
91
918
766
702
220
880
159
344
936
323
781
868
476
933
293
840
837
556
568
721
162
641
657
82
176
460
580
7
452
386
127
487
460
294
305
524
30
42
812
455
450
494
234
688
121
943
86
817
938
742
218
140
866
655
521
476
952
269
86
166
810
523
947
518
756
556
81
421
586
138
753
544
632
86
420
300
600
449
169
714
938
694
668
201
895
991
449
44
409
346
961
922
910
719
949
983
718
480
981
300
1
586
415
246
612
524
509
757
957
979
90
287
155
340
76
570
614
582
227
680
712
256
426
505
314
866
180
735
328
948
648
400
971
265
347
490
324
494
788
444
322
609
702
849
691
358
636
308
205
97
613
505
614
367
666
265
159
616
201
716
499
430
236
883
163
801
433
589
489
397
937
306
895
942
962
880
397
977
433
955
649
63
931
719
482
860
223
784
796
888
986
202
447
44
919
924
510
938
861
777
269
506
969
801
287
401
669
483
572
333
990
596
151
760
129
129
419
441
509
126
492
805
338
718
735
43
79
986
340
579
506
753
226
761
207
474
757
398
844
863
654
372
138
567
85
669
656
266
404
840
14
71
155
726
664
819
816
801
39
204
979
253
935
518
126
584
207
313
778
238
489
998
968
320
18
903
226
402
680
124
706
288
300
140
688
268
384
8
979
8
478
209
426
641
314
567
142
967
213
322
247
903
60
793
204
12
513
986
345
340
300
538
89
139
469
731
273
704
622
393
691
99
574
92
5
977
470
253
396
199
376
580
821
907
850
721
401
570
74
630
455
352
584
337
854
740
947
377
480
554
652
676
37
763
21
131
988
785
939
137
175
59
950
365
682
244
268
51
731
311
82
690
386
373
330
643
355
170
944
281
162
367
125
595
789
918
282
926
500
936
147
411
461
393
416
836
158
209
658
227
29
926
714
91
835
16
508
243
563
75
397
30
248
398
247
809
124
733
966
654
993
389
657
203
138
469
640
796
654
82
54
735
218
489
218
353
569
110
437
23
716
169
695
879
251
768
661
479
160
374
252
841
924
351
32
240
485
901
148
910
157
475
748
521
36
525
799
158
244
615
641
727
221
272
752
333
673
130
715
934
166
116
386
499
561
790
853
128
534
804
816
886
248
181
747
946
179
273
62
234
980
500
469
401
716
356
364
857
372
446
397
466
736
793
991
854
884
352
904
667
49
749
412
946
167
161
42
387
753
367
756
868
107
561
790
728
979
198
978
424
501
485
554
13
582
135
317
720
565
97
643
446
191
934
279
330
130
520
895
249
245
982
2
379
861
227
535
979
396
577
728
518
320
657
820
419
824
458
157
544
491
