997
191
137
119
27
9
611
156
548
949
653
370
970
345
365
492
121
557
54
461
602
29
900
179
908
764
991
770
644
711
767
625
25
762
982
324
398
562
297
310
250
360
806
199
93
219
178
418
775
141
775
292
480
551
819
277
224
999
954
524
821
84
520
222
742
418
647
87
218
13
230
767
438
639
631
600
534
146
616
719
152
623
271
995
430
89
978
138
401
28
16
876
129
768
287
515
699
850
65
545
373
658
385
650
843
991
842
675
646
773
565
132
956
628
839
150
73
277
449
771
997
218
421
838
650
677
702
369
262
439
739
848
444
428
274
876
50
929
127
774
774
519
159
344
964
644
594
488
439
442
973
667
475
462
885
586
367
372
531
797
716
903
945
809
571
138
593
949
389
859
97
215
50
323
435
281
814
928
216
17
995
292
280
648
122
383
244
626
273
308
416
46
479
918
427
479
624
143
562
665
526
332
578
511
231
373
758
462
47
515
234
10
461
682
695
664
908
319
600
595
691
839
59
762
802
377
303
964
681
873
189
279
64
966
133
480
649
786
391
11
569
739
554
940
571
608
87
322
755
138
510
445
366
571
959
544
434
660
86
696
725
609
832
672
306
40
35
317
854
275
296
726
546
658
223
715
581
467
738
20
258
493
890
251
702
868
287
207
584
412
696
922
886
267
175
600
950
983
88
234
500
930
326
691
729
152
334
3
692
200
889
183
61
481
158
222
598
257
93
277
329
731
701
999
360
725
512
856
566
70
755
903
879
68
407
159
104
142
786
607
666
825
929
717
658
905
683
647
508
236
885
729
118
795
224
62
802
776
590
253
617
23
436
839
89
362
635
99
74
937
263
12
573
75
318
577
723
457
732
43
691
810
301
363
533
767
64
324
408
297
117
988
377
53
338
602
782
729
443
113
696
273
349
777
298
121
440
585
171
1000
911
265
18
902
113
657
23
895
828
867
862
338
673
779
703
27
184
66
5
298
876
649
130
359
39
236
610
666
605
883
485
877
880
469
916
355
267
689
952
407
583
365
590
276
16
556
500
53
407
822
485
658
34
392
574
49
30
121
427
610
435
816
654
974
800
388
533
615
996
601
159
17
474
968
240
60
941
949
683
75
681
369
229
124
253
352
584
514
769
935
102
874
450
692
300
246
724
22
980
805
510
170
697
152
789
541
502
212
884
104
426
894
518
904
809
846
761
432
594
322
254
686
553
430
241
815
788
195
478
912
396
768
841
629
448
955
689
661
623
372
615
65
55
418
930
99
760
422
885
188
434
667
768
302
677
257
638
124
763
346
167
330
845
524
522
688
410
183
550
690
827
93
480
957
704
605
252
925
690
668
629
166
794
320
436
327
151
50
612
791
33
739
952
311
502
577
551
492
887
337
75
80
984
945
138
132
468
430
890
505
654
217
197
352
759
900
823
263
407
538
849
628
381
656
367
970
99
729
224
500
583
379
327
719
87
652
406
952
588
714
676
304
398
506
488
868
71
808
628
910
96
443
214
862
611
577
628
23
628
823
135
246
255
107
630
376
105
334
898
88
324
526
820
235
398
541
693
527
379
988
62
88
563
23
599
259
459
188
156
73
336
678
717
820
331
213
662
959
988
25
584
953
617
523
594
426
215
259
762
956
362
385
250
51
33
874
231
53
694
316
882
859
822
962
597
592
503
47
942
416
26
677
614
274
578
226
978
44
649
726
419
293
554
323
505
779
289
714
318
762
718
717
827
668
991
912
235
833
579
296
878
70
67
621
518
21
627
413
199
149
275
641
505
911
192
694
50
310
722
944
243
630
230
909
72
140
20
743
470
851
727
304
693
223
572
247
660
901
219
295
727
973
295
153
667
227
183
58
394
36
800
300
983
862
929
331
676
597
98
60
164
589
988
672
34
243
12
192
286
74
152
414
327
915
620
766
497
348
432
624
532
614
840
670
738
963
330
135
75
771
409
942
44
585
921
759
59
528
192
914
326
805
595
893
981
276
143
270
900
140
106
871
851
76
603
23
333
140
195
487
178
130
668
988
744
208
815
288
154
218
85
414
85
797
883
221
750
220
668
750
324
635
686
944
979
122
688
892
846
109
214
64
844
536
390
130
293
164
321
621
917
177
760
340
241
809
477
55
813
703
578
611
35
593
546
848
203
704
404
930
19
981
648
680
230
407
457
95
575
694
956
771
390
577
171
15
533
677
871
458
848
120
365
775
259
476
853
324
553
188
876
950
650
46
879
751
333
589
331
470
731
116
523
199
57
377
174
915
123
736
720
841
748
923
723
510
742
207
485
981
575
272
785
92
895
857
968
81
724
856
247
467
203
784
734
878
47
811
410
945
823
809
92
203
866
76
551
548
135
146
686
989
468
124
496
118
19
665
416
262
482
618
557
576
996
19
86
613
839
777
972
258
461
767
668
789
685
998
703
905
772
549
48
283
269
479
552
178
673
320
730
252
533
873
907
814
213
907
886
224
385
764
624
978
379
537
627
241
259
847
507
477
51
531
163
609
750
70
580
364
374
288
612
995
256
400
665
447
912
500
331
497
443
724
758
41
868
636
193
987
107
155
28
120
219
508
1
154
370
568
481
908
826
540
939
482
675
168
279
488
59
220
38
258
866
447
13
722
249
363
810
295
735
690
311
107
374
908
31
453
446
50
86
187
958
646
158
610
806
387
611
386
606
530
789
558
329
935
456
825
874
987
981
911
916
41
580
168
553
443
183
545
494
181
885
227
667
320
789
236
357
705
505
300
241
530
6
329
108
793
633
268
820
907
624
79
365
719
554
947
553
481
700
18
904
829
656
754
432
804
388
714
694
217
939
558
972
491
413
164
234
11
588
355
744
668
402
387
938
622
257
540
574
168
534
22
721
503
693
92
319
492
303
558
902
785
417
465
733
17
377
759
230
743
229
17
13
859
288
743
27
80
705
789
947
251
440
5
67
558
191
778
997
965
168
850
744
826
407
350
688
437
594
838
339
877
63
72
134
256
179
580
61
70
263
909
168
797
308
670
11
628
157
972
467
94
427
557
1000
806
405
1000
946
631
168
482
429
724
261
824
549
709
457
271
147
955
457
506
310
312
253
337
233
641
64
533
276
326
960
843
955
90
195
897
605
6
461
278
409
981
459
280
632
744
844
926
389
690
508
5
360
89
681
455
573
337
929
280
675
401
701
431
322
314
32
878
727
925
966
79
512
325
204
20
367
815
96
695
119
3
288
222
905
814
358
538
774
969
817
122
236
307
102
997
168
771
490
695
175
756
248
665
841
659
45
15
31
747
891
913
656
186
776
782
344
110
869
993
774
501
377
782
843
776
733
567
426
279
882
207
448
165
375
253
376
173
783
665
732
813
817
346
984
418
506
4
117
661
799
60
996
972
10
213
217
226
925
794
454
785
67
467
677
864
569
637
265
157
475
754
461
19
122
403
190
401
958
617
897
477
31
853
246
853
373
392
87
503
978
276
979
744
8
178
155
806
992
405
956
422
823
861
754
597
103
566
295
476
967
827
419
796
864
991
832
189
467
236
134
504
919
914
643
396
92
308
874
83
281
897
702
824
504
655
18
774
479
791
307
62
531
755
959
86
362
839
488
383
409
186
669
823
972
63
452
641
536
800
624
815
140
57
29
170
218
402
838
744
960
893
89
998
22
160
451
562
374
844
184
92
357
175
483
901
456
925
4
172
397
489
866
115
582
406
740
811
286
660
897
950
695
833
72
160
508
941
574
934
480
316
11
843
28
688
800
118
220
49
262
593
800
680
513
502
734
90
212
353
658
440
24
480
774
551
208
438
594
334
458
793
874
897
50
304
803
143
13
80
148
666
726
443
513
966
506
196
340
402
490
555
275
537
406
235
243
226
474
567
10
943
935
130
441
596
18
900
729
115
923
117
936
951
79
801
266
95
210
428
681
679
469
889
146
58
926
765
196
887
910
730
718
832
225
998
244
625
28
323
859
565
386
590
784
434
482
679
483
125
894
728
769
435
807
309
516
788
660
114
123
847
111
406
860
611
201
597
509
617
550
491
449
923
80
630
857
34
629
453
12
728
446
281
513
641
498
709
354
792
805
52
760
877
652
692
94
585
447
689
905
954
328
633
930
375
898
430
247
702
784
681
155
701
541
444
288
342
977
940
965
380
2
399
306
702
383
576
696
688
285
792
54
107
625
42
151
451
238
264
736
553
837
195
538
733
675
302
532
201
430
486
798
800
30
238
517
72
851
486
315
594
864
911
400
262
721
303
185
129
882
702
431
882
952
829
665
893
911
451
135
995
142
434
469
265
514
228
328
304
195
974
891
201
429
112
573
39
622
276
539
241
509
614
430
233
72
157
571
197
70
458
197
278
73
823
589
419
890
29
161
935
729
631
249
249
770
945
334
978
475
777
451
573
920
543
99
742
778
364
687
119
434
213
68
108
840
237
791
607
835
433
760
860
188
825
672
116
254
305
859
57
65
989
850
388
638
525
533
163
26
852
218
200
792
215
836
255
459
155
617
443
232
914
110
225
738
930
196
874
516
357
707
876
654
955
669
403
4
261
608
333
266
801
734
529
925
324
451
533
418
991
386
896
706
95
405
667
957
457
202
234
350
350
309
641
44
207
986
185
530
945
106
718
353
843
772
945
301
692
131
1000
270
439
840
573
173
140
890
419
97
368
734
547
236
534
346
313
319
657
454
74
331
244
473
796
371
937
147
482
422
476
272
432
348
43
683
485
90
422
810
175
584
774
199
669
868
235
999
601
208
270
241
49
264
431
813
655
351
385
874
292
623
843
278
674
342
683
533
21
370
432
536
774
494
797
436
88
1000
234
183
676
506
514
959
820
807
323
870
615
31
475
159
538
882
423
852
790
639
228
597
702
561
12
612
867
98
628
89
710
908
623
663
781
460
488
591
254
711
292
423
962
571
728
601
219
409
354
978
582
308
529
54
503
466
718
961
16
559
578
723
149
244
904
930
984
637
707
84
134
739
458
92
763
214
365
88
649
513
524
484
881
361
963
31
928
523
140
479
282
61
470
602
604
636
862
615
24
84
995
994
491
887
647
258
654
403
61
73
723
531
776
341
84
512
546
637
61
585
315
367
377
138
266
326
582
915
821
500
271
413
906
484
641
862
698
490
131
76
546
703
264
175
20
588
352
992
115
171
342
290
444
151
243
85
217
519
464
878
850
574
191
680
404
416
330
587
149
74
904
404
1
473
260
260
77
509
190
71
539
523
85
642
965
705
88
32
728
92
839
700
519
226
562
378
8
662
195
504
231
17
503
624
980
872
99
481
312
32
550
479
244
803
780
504
775
881
167
851
582
996
924
565
188
956
583
966
335
390
921
814
782
133
636
556
102
607
370
403
141
492
505
515
956
939
145
238
702
333
179
711
337
385
638
675
219
111
852
695
729
703
436
758
67
734
174
411
923
673
703
28
832
535
614
219
896
486
666
542
351
145
784
984
16
659
2
617
683
585
950
432
315
18
992
295
801
777
589
338
3
276
381
601
480
63
589
834
666
868
815
537
353
952
655
516
146
20
757
539
730
468
869
495
371
805
440
300
918
243
401
68
955
828
942
189
553
896
330
397
402
178
243
248
954
679
495
946
571
991
317
785
448
611
930
903
295
78
394
110
821
425
949
100
353
609
425
900
341
786
675
163
577
326
492
967
236
116
996
317
308
58
167
60
101
918
770
19
874
400
43
791
274
312
22
461
575
832
510
593
106
96
388
898
969
167
898
772
819
912
468
845
473
148
563
876
397
14
794
121
242
210
106
707
667
357
713
534
675
663
292
649
269
159
543
610
236
146
894
744
904
805
682
644
628
67
530
17
823
378
302
323
427
810
541
526
544
557
742
298
279
785
366
649
407
193
381
560
690
952
574
568
12
692
265
185
485
849
789
611
160
452
641
112
480
998
169
483
668
421
600
113
172
470
369
840
141
558
767
684
823
12
552
235
380
819
503
626
666
809
287
823
794
495
973
901
698
287
995
365
959
925
888
64
13
938
120
544
826
127
472
475
920
209
931
341
227
923
252
371
826
364
878
84
393
607
148
746
236
798
136
739
465
90
440
706
642
217
289
406
968
88
723
348
525
723
137
508
799
318
626
589
42
226
570
116
676
617
868
778
587
321
338
460
399
618
41
733
717
927
517
240
486
685
942
39
617
386
256
545
8
601
111
112
124
883
113
407
786
936
391
148
86
848
597
349
720
949
17
915
248
92
744
483
581
337
509
209
951
593
214
14
231
678
114
369
947
220
715
293
771
851
663
875
640
829
295
667
391
443
967
622
310
860
407
356
76
557
358
593
330
794
564
127
778
62
835
497
985
118
228
628
454
298
216
74
574
15
218
399
717
984
953
195
607
714
153
417
5
733
478
531
935
400
39
496
926
464
143
651
266
406
28
120
121
11
816
776
530
765
696
811
269
513
786
361
289
810
204
326
594
382
887
849
94
845
487
623
325
848
416
834
15
678
290
358
560
601
998
310
886
935
205
227
472
377
920
723
28
419
784
740
176
792
690
75
85
157
69
508
532
470
186
621
417
28
985
562
219
733
72
901
549
795
128
816
283
408
258
445
5
352
815
7
283
228
993
218
628
194
725
540
778
572
516
459
852
325
692
301
294
748
851
198
119
508
513
401
573
19
867
95
935
737
25
954
865
605
445
475
164
952
510
102
939
675
259
743
742
46
958
478
489
640
853
957
484
528
778
693
82
647
418
704
759
977
998
141
713
871
729
291
458
701
225
61
823
382
543
720
608
633
686
905
3
997
762
312
541
528
829
353
541
117
142
838
689
317
265
282
75
133
836
602
387
540
173
338
666
666
293
628
655
573
259
352
503
684
303
294
240
184
16
720
294
119
928
495
91
416
863
977
454
146
171
928
954
28
241
438
242
671
822
158
295
798
362
271
911
481
110
804
287
222
114
325
121
544
447
137
311
285
548
312
178
30
970
186
75
408
105
515
328
337
560
362
112
116
687
392
883
672
60
157
602
650
328
858
694
322
288
459
41
623
474
795
767
977
307
992
754
639
194
787
941
818
999
892
538
901
722
764
557
291
20
382
707
571
823
548
468
673
398
53
856
990
295
858
589
801
369
602
388
933
287
842
48
658
210
111
590
780
367
8
943
97
10
450
425
771
235
797
607
669
871
277
770
651
996
59
507
668
260
701
355
526
973
544
605
620
492
110
86
285
966
252
572
634
14
138
369
567
641
727
827
304
923
440
60
386
625
843
648
48
66
22
502
816
841
855
53
188
676
385
141
5
91
326
800
962
601
924
341
628
354
62
190
59
743
817
29
162
459
970
352
703
217
610
323
386
49
850
260
550
581
615
193
136
752
601
985
447
235
381
780
18
935
798
215
541
701
920
334
846
50
108
594
641
230
808
537
842
313
536
236
496
534
948
51
75
46
678
473
966
116
175
72
202
820
931
778
603
369
879
42
90
978
493
873
777
984
363
774
369
926
652
636
605
740
23
626
857
981
202
263
681
37
389
294
623
189
635
89
481
572
261
89
424
232
213
892
289
88
453
972
533
762
729
946
466
489
855
142
330
725
650
108
258
801
33
174
232
751
418
212
616
776
75
333
758
401
190
736
783
835
627
218
107
437
482
338
968
799
866
864
725
662
65
717
428
412
232
842
149
752
637
241
346
510
922
83
775
222
21
68
965
716
522
642
615
1000
14
220
20
198
745
88
54
495
343
771
285
991
495
304
651
853
452
558
787
875
430
122
108
159
616
662
442
988
147
486
87
610
676
751
761
162
669
979
272
84
158
203
657
670
399
814
472
880
577
834
490
840
44
907
722
928
708
452
275
647
969
419
897
725
826
956
511
927
216
849
517
996
896
872
465
413
745
85
617
213
287
413
633
924
838
906
501
652
438
503
362
76
56
724
82
825
759
553
427
359
428
615
107
563
225
118
450
885
978
192
825
605
583
509
323
55
449
517
181
547
92
473
438
67
25
820
482
146
245
436
684
364
679
250
566
361
721
37
725
805
168
313
645
81
742
830
409
614
538
36
961
567
232
274
881
122
177
651
435
871
202
507
315
738
755
357
930
415
653
678
688
427
540
841
105
721
560
482
658
372
794
589
80
906
126
494
4
931
364
474
741
270
787
195
113
213
701
228
758
427
680
345
788
406
887
267
879
722
90
942
789
36
324
879
792
335
602
785
955
98
875
789
428
463
377
318
807
85
80
305
26
363
577
422
553
530
805
309
332
554
549
347
199
764
541
919
776
321
38
242
689
172
645
773
973
851
723
92
980
800
147
30
130
240
183
40
661
936
780
951
809
430
961
274
425
899
906
133
512
722
347
401
482
294
130
563
949
794
36
203
744
907
617
980
637
141
103
253
63
204
920
886
496
304
65
166
845
187
454
848
807
361
235
265
760
276
353
61
995
102
461
927
351
581
270
204
807
815
568
574
11
646
75
490
564
972
900
266
835
136
203
651
462
996
400
361
40
106
879
703
176
851
352
442
435
656
442
892
834
761
862
477
604
211
762
213
120
815
70
78
995
189
714
898
480
985
454
572
144
62
722
805
905
588
108
83
449
44
838
670
648
621
540
646
174
890
21
742
464
156
878
605
455
400
694
179
520
808
246
468
479
126
684
309
740
45
627
161
844
1000
144
665
746
795
746
32
344
318
168
472
219
30
907
441
30
487
412
998
375
537
714
255
531
894
679
588
434
716
666
689
636
853
637
414
649
488
822
620
121
25
795
121
800
624
5
666
128
571
878
114
913
301
300
967
513
339
2
140
492
539
823
135
125
309
597
169
564
592
714
221
989
228
586
229
708
35
995
347
142
649
403
835
956
834
566
861
946
523
856
292
999
144
769
579
495
771
191
874
801
930
635
995
54
76
48
372
898
848
532
508
414
741
868
91
692
140
582
129
926
391
948
780
39
119
247
267
153
899
820
137
728
59
227
6
882
217
656
306
930
688
224
449
306
749
504
11
72
146
323
210
495
88
891
187
195
101
346
606
15
941
681
761
18
167
399
231
339
408
674
777
312
447
165
369
149
75
259
892
502
135
753
549
104
772
871
202
414
472
746
19
30
701
183
570
528
245
700
446
151
183
434
197
365
814
180
871
750
502
694
132
396
27
741
824
42
838
476
55
703
290
874
294
785
440
929
28
534
829
611
586
996
549
569
668
815
216
85
175
181
609
452
291
395
676
792
941
339
798
196
181
397
569
292
908
230
587
759
777
559
300
509
407
122
621
202
131
785
168
144
458
38
250
640
507
834
791
550
583
888
805
974
402
503
919
749
198
279
301
838
599
243
688
740
851
246
762
568
15
364
391
733
606
908
298
545
153
946
187
716
133
542
759
715
649
448
179
153
233
414
427
890
713
39
514
47
140
888
252
453
640
741
621
339
571
741
34
315
85
403
153
32
9
779
190
445
154
82
841
702
723
250
65
745
821
894
452
38
197
520
127
345
731
806
275
67
805
538
909
976
612
131
727
248
786
741
611
763
667
176
329
249
828
846
705
855
3
459
163
920
94
279
705
950
93
38
99
692
87
386
791
901
693
776
132
180
786
252
113
766
102
996
591
157
709
775
754
625
64
298
276
90
838
120
558
549
318
448
372
85
790
873
239
787
346
164
333
345
775
506
222
484
814
210
530
26
292
297
919
172
607
814
944
249
743
485
502
374
288
516
139
264
96
250
231
425
155
618
688
421
499
787
216
459
9
221
55
423
536
171
789
727
284
115
479
347
988
687
786
210
442
563
617
397
205
503
388
470
240
6
768
880
171
365
112
586
71
68
907
585
114
267
837
454
903
921
665
638
719
986
560
597
979
136
148
240
683
848
680
119
346
249
17
581
966
141
969
674
867
743
925
899
139
395
376
779
117
599
175
371
862
553
662
635
729
461
226
934
250
985
769
244
953
703
236
688
427
519
20
704
208
304
208
309
956
770
654
149
239
508
620
220
301
995
604
48
470
777
203
178
565
367
263
732
442
334
669
948
753
866
225
759
906
894
198
861
147
289
620
24
376
861
514
925
697
825
322
636
335
355
327
562
707
623
15
274
88
950
384
66
770
836
955
497
117
916
461
54
251
966
688
333
20
423
284
162
502
79
838
819
367
584
861
33
511
197
209
349
476
877
714
77
742
486
221
794
544
666
228
609
842
73
473
772
738
176
63
402
844
495
990
898
423
891
778
43
64
913
806
359
515
195
670
819
621
864
106
24
386
720
351
558
776
848
439
376
546
205
690
923
394
721
286
302
684
120
534
986
97
971
989
86
333
218
830
674
49
401
84
317
692
909
938
408
391
438
88
406
892
232
805
790
569
451
921
99
537
480
658
481
332
832
659
404
713
776
948
570
631
481
404
754
938
896
139
206
320
341
415
550
936
148
739
321
294
491
353
170
301
2
317
157
793
875
147
310
508
590
863
601
954
885
215
871
924
975
80
454
923
857
737
877
878
597
709
927
798
522
997
279
931
795
987
668
141
659
645
62
592
799
598
609
754
472
470
727
577
990
452
570
383
417
686
27
386
850
529
13
346
870
724
904
302
720
553
600
296
330
784
82
945
328
514
610
853
158
307
108
659
914
932
945
314
502
646
847
488
48
368
823
713
809
653
367
929
217
951
854
526
71
517
727
783
890
383
804
246
499
597
344
813
322
532
343
694
687
823
969
525
613
336
328
933
478
680
785
62
702
778
529
82
114
354
212
132
107
577
116
495
271
939
124
334
171
206
430
126
22
595
681
933
330
824
774
103
14
500
646
542
450
588
498
280
36
191
581
44
426
337
517
635
686
364
924
790
883
507
777
478
154
276
302
71
740
899
919
146
178
652
911
606
728
295
522
684
181
725
427
424
71
140
90
376
961
254
649
810
389
490
288
957
705
73
873
917
360
701
789
993
150
513
915
826
362
749
680
44
305
712
665
682
755
264
494
410
103
384
535
933
187
360
175
948
365
280
53
859
792
368
981
105
104
561
658
429
768
414
574
676
336
672
302
279
982
445
206
215
304
597
432
774
534
26
133
142
268
275
735
794
379
539
991
701
672
250
424
446
673
486
686
359
544
855
174
176
503
284
918
361
137
876
199
221
269
248
505
389
354
730
431
956
912
666
72
280
918
391
803
438
393
347
724
147
483
848
491
254
338
440
358
743
71
157
80
840
764
763
210
840
533
487
907
892
354
345
660
579
562
895
271
195
517
734
508
638
463
813
234
140
473
149
755
533
188
127
573
135
372
198
93
551
191
259
833
204
112
989
859
291
557
521
514
303
717
238
344
80
273
764
743
952
787
71
936
832
643
573
58
855
552
893
566
993
391
820
461
823
980
504
395
457
647
917
856
106
9
481
955
977
473
36
899
634
906
862
6
829
205
828
674
884
821
727
541
596
926
86
346
647
834
379
8
102
61
567
353
574
890
177
294
921
514
396
716
820
92
808
610
175
405
125
387
875
382
439
519
79
307
576
488
621
457
599
416
222
548
644
343
641
738
945
485
671
436
551
454
424
431
1
543
904
864
489
456
398
841
109
29
254
882
700
286
255
609
268
802
319
665
193
224
977
30
937
443
243
37
426
771
271
201
910
233
618
318
843
168
847
531
677
452
186
399
587
440
41
433
318
461
564
320
133
51
771
364
928
79
943
877
536
674
402
712
616
922
402
941
445
417
277
460
183
305
30
692
656
931
569
985
159
659
408
165
250
925
511
645
427
625
458
258
180
902
437
472
170
597
191
677
211
680
532
645
699
995
731
925
542
374
453
530
157
36
321
407
100
196
491
19
303
81
86
708
703
431
851
120
549
898
453
264
418
350
396
660
274
85
107
939
452
263
570
875
1000
682
672
588
992
473
508
810
512
513
571
256
297
878
139
376
9
680
901
313
705
222
280
168
933
521
429
943
907
809
380
281
745
870
743
464
253
746
620
184
713
772
692
23
549
755
175
222
755
27
410
862
401
192
911
210
337
51
333
555
125
8
187
613
531
862
518
229
872
415
495
558
728
776
454
362
769
726
83
184
868
693
823
387
713
488
49
980
388
463
143
56
243
832
265
886
898
242
452
99
592
497
308
246
65
876
482
726
642
616
359
286
113
912
963
649
878
53
864
664
329
715
218
706
213
96
763
38
711
340
245
571
12
81
362
191
199
297
469
970
656
111
657
918
796
970
76
268
256
788
891
465
850
541
321
323
414
884
791
724
191
773
258
564
360
528
56
319
662
750
875
855
747
225
229
797
31
823
665
281
518
293
117
634
533
940
975
995
721
561
238
27
553
213
732
208
35
976
481
363
994
239
829
296
201
302
951
612
283
534
159
259
591
618
303
503
768
3
338
425
518
733
639
312
177
44
39
177
387
66
92
720
834
265
990
899
610
655
167
393
33
488
594
621
546
631
938
945
201
817
857
696
830
570
487
549
194
554
270
602
730
369
82
845
629
990
301
477
870
813
796
25
725
356
218
25
828
360
199
617
162
338
545
830
101
710
855
749
248
9
801
45
828
95
857
661
803
175
868
887
255
797
597
270
394
693
908
924
606
76
338
179
401
431
229
304
848
824
296
905
89
435
781
325
85
452
633
984
222
880
797
935
209
734
910
651
735
720
657
918
869
708
630
219
667
83
232
18
414
265
53
796
870
320
786
872
167
1000
657
765
518
123
397
129
348
186
403
631
461
745
657
614
232
834
740
97
383
107
720
927
314
921
641
644
895
143
898
243
323
159
764
917
221
36
308
888
665
112
480
919
403
101
741
869
338
201
237
18
910
11
796
655
95
217
706
369
568
933
18
559
578
965
484
591
863
532
912
395
223
419
135
930
773
902
724
770
56
242
580
587
464
677
871
727
961
776
870
762
987
206
41
617
520
242
824
216
869
740
902
858
125
619
469
692
3
644
579
330
357
368
245
402
261
294
887
21
380
888
9
534
210
627
70
129
610
720
415
153
657
863
17
270
233
245
585
232
771
99
39
857
573
569
478
955
165
9
23
374
954
667
953
835
7
813
991
175
567
612
650
718
737
365
854
268
198
692
733
496
967
551
587
583
267
285
740
338
807
494
962
113
987
579
375
15
13
782
41
246
184
349
572
426
644
749
672
984
959
590
134
814
929
365
429
97
721
773
635
452
801
962
818
537
52
952
521
536
981
879
265
488
977
418
682
870
62
810
946
134
454
332
908
337
752
303
976
247
623
959
958
470
240
196
916
596
900
536
751
867
608
380
289
712
802
931
789
58
761
469
879
607
266
388
334
918
598
510
786
535
901
705
291
403
594
685
740
701
289
183
150
579
683
910
146
738
222
895
696
747
544
548
383
701
124
492
576
794
754
462
775
470
310
303
896
50
701
716
255
67
5
708
339
771
236
957
249
252
59
956
599
211
276
791
162
796
680
735
649
862
841
753
205
795
707
205
182
512
170
945
386
242
4
472
528
376
980
107
568
431
607
509
662
931
408
812
273
851
419
646
748
552
731
284
309
817
409
463
485
72
616
575
384
452
898
86
516
587
589
933
819
455
668
432
835
774
23
728
49
609
34
235
630
589
610
529
80
24
265
613
757
65
695
301
595
541
739
577
789
951
265
898
881
184
16
247
692
986
789
874
490
961
670
62
287
499
547
560
24
574
442
138
37
46
210
21
835
768
774
755
378
136
405
520
519
496
205
446
661
883
250
166
919
350
142
800
900
516
539
1000
852
721
105
585
549
232
210
682
207
747
14
25
876
239
207
294
886
251
811
280
867
716
652
120
496
52
49
90
72
655
704
810
989
391
339
530
215
413
947
137
360
456
517
76
304
457
357
309
30
212
211
805
770
557
536
299
352
374
949
440
857
962
608
872
526
149
418
548
143
702
500
577
711
909
985
682
187
502
661
675
320
382
982
254
967
558
640
190
564
587
288
442
606
597
31
149
76
522
559
64
168
384
540
409
720
272
711
758
811
720
186
610
14
931
455
104
502
639
199
300
171
215
446
823
946
954
595
436
168
475
957
690
962
462
751
833
298
140
146
34
146
310
750
17
356
150
476
33
768
649
775
9
357
404
43
452
83
68
767
792
119
991
142
396
543
685
333
293
35
187
956
43
44
211
109
78
981
848
938
476
171
541
98
663
39
947
208
770
449
664
340
779
648
636
407
681
87
8
691
859
330
709
646
876
744
938
577
825
336
279
476
115
287
123
800
443
254
898
262
868
330
783
480
419
919
52
327
706
898
602
51
942
484
239
751
914
906
150
745
812
93
770
182
368
318
892
490
951
364
31
380
699
19
88
868
651
279
959
367
967
293
871
532
661
225
950
199
927
319
316
118
750
559
461
967
821
598
708
668
604
338
185
918
290
939
275
77
30
747
958
138
226
23
904
824
236
604
946
297
708
29
452
771
1
211
993
285
799
389
602
181
255
1
205
652
903
139
40
263
588
15
803
515
340
135
39
277
420
204
898
369
261
678
91
767
965
792
299
499
409
250
54
808
687
309
931
188
877
689
490
278
503
413
624
356
432
783
955
835
33
723
915
32
479
374
897
582
280
268
322
477
106
475
32
258
51
391
782
564
523
255
809
115
150
943
977
765
617
119
425
18
566
532
98
189
765
488
485
883
397
524
444
83
426
747
405
699
586
35
310
290
252
813
227
783
228
825
387
147
404
403
181
981
700
52
199
723
215
616
380
471
834
549
603
952
772
230
412
306
451
318
130
469
831
763
27
313
254
692
834
722
41
991
444
410
259
119
558
709
232
778
464
398
500
408
898
165
862
650
91
245
821
605
423
757
661
738
543
772
773
53
128
458
941
939
850
734
474
489
490
139
292
501
908
537
699
931
482
720
104
897
897
95
145
845
254
564
338
560
55
726
147
767
432
225
856
847
209
553
366
471
298
843
812
553
5
157
445
509
42
642
929
610
67
397
554
687
928
940
709
453
958
465
646
725
849
808
162
540
989
30
165
891
42
166
849
583
248
236
333
847
984
821
867
348
559
90
690
406
618
808
377
120
989
362
113
942
815
60
628
392
422
822
540
489
703
466
847
290
516
950
401
100
899
857
24
664
89
639
629
86
785
41
254
306
988
129
588
554
697
528
37
399
511
512
943
520
576
300
151
726
95
973
775
470
62
325
294
147
918
65
225
752
609
551
735
997
42
840
684
245
1000
580
812
722
846
404
156
653
419
507
378
936
246
787
881
808
187
736
1
352
504
954
115
358
178
498
443
696
28
633
313
697
195
539
716
597
914
658
496
911
930
960
272
854
915
451
833
42
84
631
84
200
80
239
196
34
792
49
769
868
304
288
238
133
404
592
928
160
47
386
76
576
701
755
470
54
672
125
930
908
710
117
137
708
895
549
866
711
988
14
919
993
513
317
855
851
863
152
598
977
624
556
759
746
903
848
685
182
825
861
55
28
801
431
364
823
61
271
571
862
130
956
260
514
9
767
733
456
444
906
949
790
234
257
243
775
852
895
615
173
515
336
654
434
634
428
117
697
664
725
324
613
981
788
187
869
93
251
490
88
101
360
813
184
535
369
767
421
511
487
709
522
563
630
482
674
601
442
863
283
858
129
831
767
8
347
635
845
662
536
119
534
240
132
689
767
890
959
661
612
980
175
20
121
998
161
491
291
314
548
373
959
203
751
375
45
186
841
206
445
512
593
960
924
320
169
890
749
287
161
105
656
215
335
149
31
412
499
157
888
589
999
850
215
125
380
298
927
852
553
326
323
760
244
64
539
998
207
306
932
482
775
174
482
506
933
318
878
808
501
485
395
5
563
622
955
509
864
147
884
39
617
943
185
925
409
105
513
398
186
757
163
749
79
192
515
591
461
381
326
8
205
445
333
809
617
648
803
892
356
119
49
290
516
378
853
118
73
2
756
358
847
205
328
621
227
114
916
813
96
668
994
786
548
967
950
949
148
194
790
467
492
347
602
870
625
227
457
456
334
966
426
48
22
758
925
326
99
70
317
328
531
900
889
316
522
686
548
740
737
450
473
508
18
906
429
216
693
220
3
85
735
59
877
665
662
78
449
852
614
546
736
249
194
271
270
657
481
759
814
171
174
97
607
742
740
640
981
319
639
414
723
37
376
869
940
631
776
567
648
342
988
33
567
518
383
883
821
574
358
116
701
519
673
30
766
634
80
888
105
825
556
340
612
664
301
509
173
650
913
967
705
606
617
321
457
437
388
705
924
781
720
403
595
546
573
354
529
158
976
90
539
190
576
320
578
285
614
955
76
859
66
437
634
877
827
697
813
607
967
834
338
929
766
79
129
210
49
603
767
139
886
987
392
665
166
155
95
442
475
500
901
645
840
514
640
790
63
275
293
565
180
968
244
502
504
868
13
306
36
127
450
911
807
63
222
85
677
268
994
73
849
6
496
893
207
54
851
925
971
762
929
559
429
846
125
22
796
168
490
522
542
667
473
963
361
770
339
851
800
633
62
847
140
115
87
692
613
883
747
746
820
344
253
985
906
820
911
293
10
846
875
681
162
128
365
981
449
484
927
614
769
842
423
599
453
487
466
230
797
809
844
90
448
342
93
602
298
942
708
598
264
393
206
619
185
161
773
176
121
188
38
340
994
965
543
961
505
832
586
168
207
419
805
946
697
978
261
987
672
27
503
937
471
149
526
718
284
246
815
670
666
846
237
899
267
795
529
528
394
42
395
825
239
58
135
98
459
666
176
816
217
363
10
216
215
835
341
790
553
243
538
310
414
279
539
16
841
518
140
280
513
211
388
230
763
22
461
90
196
93
164
734
249
457
492
580
653
703
952
208
627
153
4
665
520
236
628
258
929
866
737
801
35
841
751
415
43
840
135
294
275
387
946
600
52
172
732
152
788
458
399
365
561
709
825
940
827
578
958
61
391
774
730
752
260
957
112
821
888
67
608
329
848
847
354
244
588
411
26
741
706
347
910
478
450
58
883
200
325
750
906
77
615
931
79
119
927
633
86
841
279
277
624
929
179
549
492
979
98
717
571
86
182
817
632
9
155
119
801
276
418
772
755
587
543
147
945
391
236
240
752
910
352
790
750
988
594
947
748
221
347
342
640
148
684
235
196
197
747
739
313
846
885
544
152
721
928
391
247
153
381
542
850
473
908
817
636
899
968
131
225
714
118
877
327
386
863
740
256
932
327
975
378
312
559
246
304
552
684
172
572
844
104
726
924
365
902
667
799
88
534
679
894
29
116
169
163
924
634
896
193
460
890
719
755
350
99
654
51
300
132
928
98
55
283
121
713
495
443
114
471
545
769
139
199
819
243
244
29
408
645
988
160
832
537
985
189
318
515
507
237
565
833
858
358
580
762
931
544
861
893
599
511
348
337
931
147
574
920
608
68
431
615
812
689
72
927
509
390
960
234
491
937
997
269
332
931
969
333
358
817
602
299
639
9
268
791
594
863
78
553
822
635
266
388
660
674
498
565
819
308
671
593
307
628
186
127
43
996
68
234
328
772
112
203
5
177
303
780
421
305
625
832
225
502
648
863
881
75
982
541
684
833
293
893
776
661
831
274
840
390
495
275
927
679
151
943
702
428
429
194
396
545
991
347
336
787
422
792
744
364
101
650
706
906
125
908
889
553
631
855
164
295
790
114
873
349
987
313
864
487
427
145
915
228
918
33
382
109
245
366
460
878
983
243
27
7
301
525
527
367
417
25
492
371
94
889
320
600
347
939
894
847
300
219
209
887
443
144
368
56
945
217
544
772
476
841
802
606
811
535
745
384
446
80
946
387
615
101
779
260
67
187
50
765
741
986
675
53
166
873
371
375
5
880
541
827
98
805
879
762
174
488
991
976
185
149
535
351
616
938
758
896
494
96
692
788
643
804
13
965
636
899
793
917
32
372
319
987
530
571
828
312
61
726
970
126
809
703
866
817
555
662
641
673
680
715
489
727
255
982
509
293
40
834
814
133
305
465
276
603
496
585
542
511
929
815
281
710
822
720
982
127
181
120
117
178
596
296
750
729
880
254
514
377
134
234
634
645
657
638
736
411
968
237
927
38
926
697
85
281
676
403
312
621
253
319
414
401
94
238
80
803
126
366
403
417
326
785
511
25
906
710
431
56
890
109
598
936
41
514
444
169
270
812
903
96
998
732
372
869
49
900
132
232
31
961
27
230
495
479
62
734
16
606
983
219
899
374
839
439
152
861
616
592
776
279
427
699
474
743
115
207
848
961
292
772
599
40
976
733
759
229
426
320
438
498
528
707
719
753
402
597
114
592
74
667
559
191
720
792
903
508
679
647
87
450
472
597
144
732
699
573
39
425
718
405
795
661
6
550
212
469
741
524
749
851
579
674
870
543
55
742
675
852
159
887
95
140
452
731
93
908
270
289
730
392
347
999
499
675
682
667
71
615
684
454
975
628
237
271
945
551
966
896
853
842
662
191
452
200
535
343
351
740
497
420
928
275
872
202
438
24
81
245
337
663
695
68
183
831
19
688
806
70
343
284
726
403
515
998
480
23
723
283
589
538
741
501
327
98
531
99
991
289
164
98
137
962
912
883
577
36
353
976
599
397
226
74
528
810
649
439
81
506
978
93
889
99
54
690
556
590
773
915
35
102
334
83
337
391
532
806
532
527
530
467
996
334
170
351
63
814
112
863
241
462
748
812
58
909
882
86
59
82
588
617
201
879
339
501
381
765
427
176
661
314
529
243
69
159
202
18
974
228
516
100
883
674
457
885
429
619
472
894
978
458
325
123
642
421
678
765
792
928
659
265
271
667
328
430
312
821
382
601
248
497
68
317
295
243
413
485
405
375
50
856
37
354
672
785
208
507
365
19
123
144
162
759
620
761
878
767
616
205
309
181
982
568
157
793
342
15
269
136
367
162
468
277
53
27
927
786
680
955
173
238
599
408
513
401
97
264
486
141
376
657
328
428
71
862
719
448
283
592
985
198
734
210
546
144
741
418
519
911
572
320
399
662
714
535
759
645
332
161
727
792
539
528
583
583
259
212
312
414
209
924
769
12
313
598
761
559
763
106
498
777
849
357
285
639
321
672
60
191
726
65
26
470
428
625
35
935
22
174
845
126
911
285
244
286
149
464
57
415
484
432
918
694
651
228
198
565
481
921
875
589
249
455
127
783
338
508
883
66
257
38
218
633
938
372
482
744
617
768
892
759
147
967
795
512
712
187
513
668
957
888
154
983
691
334
350
825
947
295
722
589
139
219
474
915
682
31
98
227
191
853
429
868
651
77
932
979
272
34
566
956
190
512
174
660
514
817
421
863
136
105
270
13
32
178
611
174
704
850
202
692
217
173
16
404
711
332
413
35
192
389
900
347
17
797
843
474
656
646
996
714
321
225
668
67
221
814
501
670
884
579
845
66
572
95
642
429
795
255
108
423
654
234
676
471
791
826
936
529
610
691
283
150
192
708
828
924
901
205
650
473
347
918
225
381
769
278
232
940
377
470
845
702
97
355
594
615
115
746
968
498
130
337
245
206
389
241
420
272
89
631
574
709
911
916
883
814
302
502
296
107
817
577
370
142
172
112
274
132
957
222
149
309
26
825
243
271
891
564
824
120
147
333
576
533
719
728
574
801
285
668
547
644
606
857
191
461
567
91
525
610
227
66
850
497
510
495
246
635
941
239
688
737
65
661
899
137
868
985
377
187
682
658
79
697
13
807
200
23
620
976
712
950
318
289
450
253
321
449
740
682
320
422
79
359
93
167
498
756
681
365
416
481
665
765
414
1000
502
492
916
889
615
417
229
230
390
883
278
756
285
595
743
58
395
247
118
451
22
113
467
271
620
6
540
333
860
335
978
14
324
57
775
996
826
650
910
654
522
269
495
12
25
346
657
883
990
983
81
659
863
836
85
40
793
55
678
134
513
282
856
888
673
418
329
376
389
297
292
904
720
868
409
504
523
79
430
4
889
476
943
264
794
347
749
809
21
6
76
446
293
773
7
447
533
685
137
805
375
438
859
184
878
551
7
312
572
323
244
238
480
518
832
971
64
794
749
784
341
347
242
65
752
69
281
230
42
108
473
81
93
607
926
618
853
870
30
235
846
445
787
779
679
800
565
693
346
575
578
780
14
868
595
32
524
276
162
136
409
530
491
38
809
641
56
346
968
386
151
934
743
655
734
428
87
540
472
404
701
350
404
402
55
173
585
717
825
874
134
404
476
193
852
28
945
881
757
70
321
766
113
585
713
49
274
321
497
808
304
342
15
494
891
993
893
570
791
680
999
411
772
421
414
89
526
632
798
434
678
309
953
293
445
269
190
882
934
73
813
554
66
650
891
56
340
377
653
904
795
452
271
557
91
625
969
397
650
405
335
271
949
732
86
198
525
715
857
73
574
509
154
29
256
868
467
712
261
737
279
686
707
460
816
129
987
558
448
322
123
999
202
838
999
520
971
934
67
539
874
864
437
287
730
447
193
453
694
728
95
461
94
11
987
633
900
793
186
693
213
962
924
539
326
722
225
607
551
702
52
93
457
401
893
966
694
669
475
140
935
29
185
318
664
811
674
474
294
403
486
850
369
744
96
600
49
604
88
763
325
207
192
566
168
966
78
785
752
60
923
781
865
637
91
221
431
669
305
937
918
226
690
934
729
580
613
791
662
634
547
640
507
678
429
231
683
595
587
340
411
644
479
741
774
53
107
163
555
386
515
815
411
758
579
872
931
381
899
109
750
488
725
226
898
920
117
512
6
151
19
373
405
258
448
473
657
644
835
962
177
952
859
284
525
301
411
856
722
767
291
699
83
779
355
731
656
350
490
732
608
412
118
323
145
895
905
953
57
571
468
355
574
487
151
868
231
50
773
741
809
816
326
730
45
779
583
102
856
75
163
902
489
789
406
158
603
108
904
500
917
924
456
161
576
822
784
119
841
700
52
642
626
111
323
313
570
233
715
521
367
466
200
891
569
458
642
988
681
40
77
686
207
488
238
618
249
431
877
298
239
179
77
351
778
901
766
217
460
979
614
449
700
763
344
860
567
198
361
280
577
649
702
214
265
241
243
958
933
911
810
364
821
880
834
276
362
751
995
135
155
373
707
362
747
666
614
333
811
869
834
203
323
589
484
290
956
685
698
705
508
871
40
761
975
571
384
122
120
55
541
80
799
657
205
119
981
838
331
557
131
657
63
676
326
188
206
489
737
955
406
878
878
692
605
190
855
28
588
838
120
147
924
167
401
554
570
234
400
376
194
805
801
637
28
214
292
81
317
150
264
682
848
835
420
860
839
904
771
724
468
773
662
751
82
880
616
672
387
456
811
312
526
951
844
20
239
388
408
943
657
278
39
423
200
829
1000
278
890
429
153
438
171
165
718
519
137
1000
628
466
707
404
51
90
157
724
999
753
940
313
135
297
567
44
426
593
241
876
255
427
17
406
43
99
609
958
188
191
155
827
977
297
186
140
892
819
577
314
19
500
476
308
352
275
497
215
178
71
166
300
112
354
282
644
751
783
274
955
558
443
846
967
506
581
363
750
501
956
607
829
517
643
701
647
554
396
915
175
709
810
298
947
731
80
538
26
20
719
446
543
139
946
804
366
341
658
638
354
882
400
554
598
86
300
775
779
276
612
261
220
830
610
241
692
660
735
676
402
196
228
912
413
174
793
474
692
717
113
196
977
797
292
384
753
52
483
225
166
736
669
382
172
590
682
413
465
477
1000
139
223
252
810
163
256
928
571
587
53
913
961
791
148
603
517
13
75
856
718
65
997
393
266
490
541
155
904
910
692
250
608
422
580
610
309
221
252
19
486
872
933
850
650
202
152
830
326
807
428
666
619
603
997
716
374
252
627
914
122
90
93
326
157
461
665
162
978
747
745
138
659
940
862
498
596
651
558
520
520
36
580
713
250
107
318
155
38
5
983
302
774
806
268
20
740
994
918
807
892
812
908
756
668
861
400
685
787
365
305
591
150
882
342
782
174
14
760
8
20
45
40
64
897
400
214
935
450
836
145
510
751
960
824
347
762
570
486
850
260
703
844
941
123
767
6
379
113
906
80
924
829
916
896
550
720
93
859
504
370
300
249
430
741
736
77
323
681
287
211
406
570
468
706
607
374
514
575
670
52
756
836
337
408
515
63
596
796
616
394
662
826
212
321
583
851
278
639
134
526
561
241
249
670
699
192
337
884
873
442
696
333
62
30
883
102
627
452
305
36
543
751
451
348
425
686
8
417
751
345
234
28
21
727
750
229
930
148
116
992
19
513
357
308
205
960
456
971
170
698
417
160
249
820
392
718
364
32
632
941
878
128
835
15
466
766
695
401
628
50
706
741
737
819
59
33
738
752
602
666
900
24
309
884
669
302
27
167
62
173
831
129
76
419
609
310
108
254
675
831
70
366
852
812
508
931
606
760
427
497
202
294
229
26
738
447
966
554
774
598
952
356
535
289
457
272
588
819
206
79
324
849
533
28
208
591
114
728
439
377
230
535
367
845
602
335
951
469
956
442
341
634
179
878
286
177
828
313
471
929
757
768
465
96
456
226
213
592
824
872
741
183
300
553
161
208
180
579
54
21
972
552
451
584
14
689
169
53
850
197
220
256
124
957
727
870
394
465
913
120
450
56
949
391
663
50
227
699
399
218
204
608
13
802
400
285
199
544
574
957
529
54
946
234
591
726
909
652
203
171
