8
734
224
252
190
686
235
311
657
318
477
303
425
988
588
893
341
682
334
844
978
265
125
149
857
351
76
66
246
748
342
537
957
81
753
880
248
840
333
922
69
731
484
324
172
429
769
884
111
796
368
115
114
483
449
326
131
586
479
36
401
548
762
721
344
906
318
960
111
247
697
836
519
160
373
898
261
584
601
111
889
24
833
759
459
206
441
710
675
205
960
241
713
392
306
183
244
137
734
19
192
107
423
269
15
363
419
200
497
301
906
956
152
574
711
82
111
400
334
928
603
124
258
30
810
589
442
62
892
89
350
18
158
229
148
629
651
322
216
481
18
758
836
525
909
777
98
880
327
874
497
465
71
591
233
395
170
216
427
447
698
448
166
459
170
150
39
875
780
181
10
871
709
850
652
799
517
500
328
533
926
522
710
858
456
386
922
992
451
251
529
549
330
803
230
938
375
868
738
64
210
815
849
52
269
823
595
407
491
83
491
448
544
105
404
500
554
293
546
795
67
64
767
136
109
158
283
8
226
808
855
434
43
595
180
269
813
662
254
817
920
919
451
985
504
258
538
820
397
542
61
85
639
144
640
903
692
397
916
277
471
770
984
154
433
616
712
439
288
361
321
732
296
615
381
574
383
89
129
956
132
347
17
780
788
108
376
369
139
588
10
292
443
980
676
463
129
932
382
420
106
641
983
942
288
702
580
676
540
564
225
198
564
324
451
275
263
757
667
948
844
149
223
204
222
837
787
621
938
86
679
984
634
974
366
379
687
320
946
157
147
614
109
214
790
776
475
130
326
214
698
709
452
843
397
880
28
560
167
314
317
89
996
368
950
690
38
774
812
979
312
998
698
796
751
333
150
194
521
609
244
168
904
161
914
766
823
6
705
311
891
37
342
947
618
253
996
689
454
541
876
543
628
192
925
173
576
491
893
439
137
915
717
630
298
474
109
344
237
27
902
446
835
573
763
400
385
970
787
386
217
881
225
806
803
249
838
981
782
7
503
393
599
546
84
806
913
416
866
159
343
816
638
730
687
942
898
797
388
442
447
760
392
349
635
665
758
509
337
189
467
832
66
347
344
751
206
54
738
298
151
522
86
357
155
295
310
578
319
758
873
438
106
786
814
935
712
826
450
496
951
436
809
233
253
544
414
900
727
213
995
659
212
932
747
757
998
188
765
931
936
773
248
530
737
258
752
865
39
715
817
990
449
405
475
577
268
223
386
438
539
339
736
325
477
478
478
331
904
627
17
655
63
523
663
471
443
360
90
307
548
436
443
764
312
592
943
101
259
881
261
218
444
1000
993
748
160
150
521
597
724
553
8
827
929
95
698
485
27
864
63
649
557
15
16
197
463
906
376
781
408
371
443
262
692
118
8
519
463
524
799
639
217
53
851
692
877
131
623
675
849
278
691
876
156
472
371
583
435
280
244
268
313
806
483
502
849
741
946
529
593
165
91
798
591
599
122
359
601
970
444
608
543
510
319
926
123
298
693
936
31
93
850
782
245
881
921
991
548
957
817
548
121
241
788
987
371
155
220
522
767
368
93
349
565
734
714
716
953
854
167
288
741
449
396
238
298
976
347
962
855
556
830
255
321
363
165
730
106
366
457
497
60
938
232
160
294
810
937
69
357
693
512
265
536
44
491
606
7
728
522
741
407
102
112
193
240
835
482
787
672
223
404
545
562
972
683
370
621
661
316
88
627
347
127
405
239
734
809
566
762
343
131
560
960
180
328
754
813
95
433
977
117
823
128
255
188
287
758
898
817
278
410
234
40
696
365
781
802
769
936
241
518
827
613
274
706
357
912
78
640
614
59
519
257
554
834
662
224
566
31
274
264
642
544
51
320
610
485
630
92
272
973
305
542
621
658
94
292
328
4
593
976
386
158
410
230
228
440
181
501
38
961
68
805
549
12
179
464
473
754
584
481
611
175
144
760
769
296
802
646
514
303
349
867
728
162
485
65
992
755
350
633
619
393
84
944
131
362
564
106
218
657
299
453
223
979
958
983
435
687
505
798
314
342
689
163
220
173
903
70
961
372
901
540
977
769
511
158
158
89
816
262
618
42
142
249
210
846
369
125
93
175
784
171
27
215
305
836
460
46
284
504
134
81
903
159
130
453
463
76
212
663
566
733
360
985
512
797
281
219
869
242
580
804
499
342
523
988
728
485
733
956
206
338
506
668
158
273
581
633
299
242
115
574
545
225
283
438
7
908
780
695
666
392
835
4
702
524
189
686
496
583
691
997
230
478
402
739
748
351
783
197
754
414
453
470
538
42
113
829
427
467
761
246
818
107
333
888
906
995
914
724
765
260
711
409
360
715
986
505
910
992
153
14
830
544
751
882
328
27
475
358
102
496
662
854
646
331
903
394
946
823
399
106
356
955
889
970
136
365
589
453
944
905
116
745
715
884
558
190
111
569
690
561
898
729
734
262
771
470
430
708
536
696
444
233
113
150
16
240
881
403
290
235
298
47
864
637
764
761
513
468
573
954
348
630
334
955
743
709
940
399
837
764
305
790
942
208
709
109
827
928
984
657
357
949
107
235
474
167
937
530
859
665
628
290
482
914
682
267
633
126
738
151
1
719
150
23
328
238
765
277
373
446
631
580
680
974
917
879
839
549
698
871
918
718
873
250
72
186
653
109
817
773
755
16
729
46
521
685
326
407
26
638
103
631
814
323
41
675
480
898
419
363
56
307
489
235
689
246
344
983
30
166
371
593
946
921
476
267
23
326
806
627
487
130
953
214
637
296
764
312
346
838
912
88
554
531
809
56
173
121
572
97
432
928
336
315
874
886
944
720
688
723
183
382
581
592
799
102
808
196
16
637
866
694
967
946
682
405
687
58
8
52
873
681
731
49
151
961
365
524
517
460
713
769
795
128
169
626
130
644
283
606
418
446
976
624
974
291
731
356
529
51
424
330
419
9
467
79
813
373
801
331
196
436
117
185
458
899
600
629
526
353
984
992
819
68
703
62
328
465
76
815
90
577
989
819
344
180
439
36
739
37
57
47
999
866
896
239
753
645
325
747
366
762
529
780
113
760
785
119
855
807
300
314
173
375
835
288
72
56
277
458
102
691
578
751
422
705
992
553
983
788
572
657
774
823
807
827
441
757
428
698
126
716
969
302
137
92
601
509
335
388
755
290
14
917
768
941
401
512
680
310
669
483
61
849
907
449
104
415
734
397
792
329
76
604
633
410
325
472
472
800
51
928
279
159
554
708
722
864
73
902
188
590
156
113
478
737
304
875
770
837
934
438
741
759
891
624
555
823
104
752
105
666
188
751
684
316
777
659
994
341
493
252
47
947
991
817
522
736
38
270
546
944
106
920
366
864
43
391
557
991
308
514
918
737
938
408
833
678
873
32
973
199
313
227
912
990
903
927
684
144
26
744
982
654
23
837
900
955
753
707
814
487
711
72
300
515
602
578
720
955
314
755
833
398
534
970
150
774
267
149
385
410
694
911
966
474
77
343
240
368
346
738
867
87
749
563
63
856
203
39
124
815
644
549
975
729
775
870
305
148
520
339
115
133
388
218
392
460
778
638
621
825
436
771
182
747
883
510
722
317
581
132
436
957
487
425
822
581
180
791
887
984
650
514
27
928
126
450
86
612
288
473
975
666
749
365
875
838
465
47
917
177
673
67
714
289
936
210
217
704
731
240
527
459
97
836
434
894
212
794
518
373
149
240
105
635
113
378
740
364
239
369
769
628
560
711
428
138
867
755
802
923
368
939
834
383
773
276
5
825
128
471
31
137
751
952
282
597
972
963
636
980
906
711
475
479
655
148
44
724
8
587
665
701
357
58
307
627
129
976
695
462
150
119
88
593
106
25
432
649
788
779
812
724
961
994
917
686
732
538
39
533
843
400
494
852
89
781
981
106
960
340
123
631
273
599
881
487
34
860
286
627
424
932
939
474
220
897
43
285
800
382
74
825
499
742
336
322
69
113
235
101
23
452
159
361
836
787
493
161
930
435
412
599
608
572
170
881
736
824
45
540
471
845
529
175
382
883
910
751
842
226
475
856
358
211
472
979
715
307
221
781
1000
263
613
957
862
721
219
249
482
662
611
397
75
735
448
713
106
723
426
891
869
436
25
384
60
847
655
244
683
830
973
428
650
942
984
882
996
840
65
509
423
293
660
737
97
316
765
631
140
537
803
767
545
78
168
298
506
180
887
842
877
355
998
778
745
63
989
929
721
930
511
580
190
470
426
277
406
158
750
180
674
398
720
52
447
42
248
600
964
959
743
566
723
71
679
485
752
19
795
962
976
161
191
268
791
631
50
817
513
322
851
645
999
587
952
886
735
418
360
363
397
441
967
108
626
209
460
367
985
241
978
851
739
621
371
130
666
282
240
66
975
1
556
33
665
879
574
339
563
921
141
967
80
199
931
230
103
527
176
619
616
181
564
437
423
296
907
215
489
477
115
292
648
130
254
376
423
862
316
166
932
585
373
801
1000
445
977
376
287
297
925
619
390
216
849
536
851
328
685
459
781
975
617
253
404
848
837
504
274
658
783
638
485
290
600
699
163
872
367
716
855
979
966
885
339
865
731
562
621
291
992
563
667
510
204
145
882
263
915
377
452
394
506
973
315
87
81
185
57
74
8
348
779
50
816
799
131
672
578
724
232
394
29
602
180
140
763
348
60
663
532
411
910
145
838
808
824
798
696
870
91
452
702
311
293
539
862
402
611
803
528
944
563
281
363
695
893
250
14
763
493
289
154
894
707
43
866
933
64
282
707
474
391
662
831
396
559
985
780
784
875
85
134
625
922
267
567
1
528
953
651
988
946
49
127
686
794
49
996
808
858
686
531
252
169
224
545
716
24
750
371
29
752
339
404
895
529
94
553
866
854
474
375
769
737
128
936
203
326
778
879
571
676
226
685
326
114
847
751
721
172
179
453
565
178
344
566
537
289
904
188
612
99
710
521
375
506
411
359
465
94
460
132
963
464
252
454
228
35
868
843
191
426
610
827
780
760
439
664
761
755
809
393
331
789
667
698
345
517
995
988
604
785
246
388
579
13
686
449
303
516
207
31
152
497
551
239
409
667
69
9
103
616
311
714
978
572
431
930
89
849
817
766
857
38
125
171
975
113
18
970
797
633
176
282
403
339
77
616
659
321
777
784
101
924
223
242
914
503
243
469
123
376
858
26
222
434
431
906
489
389
451
806
721
205
170
766
281
730
438
715
267
223
608
480
742
754
68
528
953
503
529
497
634
99
20
606
527
567
791
397
810
270
323
572
386
790
986
676
493
339
616
506
93
515
361
209
908
498
557
979
312
553
836
535
750
538
946
634
754
327
564
554
746
255
246
711
675
989
634
668
396
383
213
233
926
543
237
965
685
449
58
261
123
127
564
652
44
611
304
544
560
597
700
976
858
786
178
110
178
712
742
366
403
884
501
823
758
21
205
899
591
136
597
903
23
518
915
536
432
704
923
220
554
641
621
925
419
54
546
702
763
303
451
49
517
436
895
323
4
746
957
785
432
283
427
986
324
298
739
823
424
397
271
508
664
50
174
864
281
691
944
343
646
679
961
149
105
532
271
590
198
675
125
329
409
293
255
894
36
870
830
627
197
375
713
745
625
624
187
128
527
685
483
749
314
932
850
415
702
836
991
393
594
436
685
27
495
750
24
750
841
133
631
955
270
715
522
787
227
52
677
991
576
588
238
815
645
658
744
573
311
927
410
167
55
262
455
430
579
203
128
311
50
713
795
541
845
823
704
80
305
68
704
338
915
279
452
344
554
399
226
536
840
768
485
940
38
548
523
209
939
501
549
846
912
350
833
604
316
464
266
58
7
686
933
229
329
752
295
271
789
698
130
753
90
129
242
880
255
178
990
916
323
448
381
296
546
795
586
54
355
146
908
114
949
644
882
752
70
269
838
748
856
64
998
660
812
941
461
432
417
188
211
62
558
985
630
863
849
734
212
788
398
136
466
719
917
626
489
756
419
836
107
773
29
961
717
192
45
219
92
170
68
527
898
567
947
946
103
826
148
608
150
237
8
700
244
158
727
86
184
315
261
321
357
483
732
606
523
799
837
130
256
453
789
808
506
350
959
571
343
205
530
573
647
562
411
510
576
915
133
833
981
907
661
437
692
609
284
383
29
170
990
966
365
531
886
237
694
215
388
685
536
576
603
446
484
399
669
644
390
224
534
780
881
819
320
166
737
95
154
958
657
348
676
422
511
534
310
794
905
147
138
783
722
725
283
64
620
14
442
330
682
840
147
282
242
612
289
121
114
507
748
735
827
403
180
561
559
219
354
965
334
148
9
507
640
44
829
541
599
41
57
555
395
31
49
802
400
765
40
128
284
636
778
34
516
864
442
199
487
96
590
900
60
828
333
562
267
371
330
223
161
292
251
561
579
646
501
243
10
793
72
213
666
973
901
622
167
959
674
279
463
280
231
541
492
788
707
763
237
988
190
653
789
738
444
730
513
44
142
142
132
823
149
520
833
545
91
973
697
341
98
678
427
201
834
82
305
496
73
696
669
706
171
146
44
733
217
142
220
592
597
386
146
851
619
397
744
306
497
295
848
949
423
530
794
544
60
182
155
452
354
168
456
893
255
985
762
947
895
675
43
737
215
618
728
973
514
512
160
55
565
917
381
946
324
61
524
468
414
710
987
225
755
805
129
290
309
3
646
676
510
67
305
669
356
769
405
403
649
457
413
940
667
929
326
669
69
670
452
279
41
466
184
534
902
951
576
514
55
937
909
4
119
472
890
897
792
751
487
889
579
597
221
308
326
235
276
586
967
348
69
674
127
492
388
685
859
788
49
676
246
284
40
62
250
415
715
715
187
797
101
485
393
811
689
969
987
355
737
526
893
597
79
348
256
177
516
962
80
98
170
408
786
209
144
92
628
769
737
215
601
783
153
988
407
503
599
320
740
825
66
908
820
881
592
440
53
742
648
35
810
724
817
323
504
685
470
21
672
767
92
642
448
628
351
883
780
329
360
648
371
673
490
662
840
576
924
648
350
145
956
877
950
138
802
854
285
790
432
319
571
656
390
118
964
140
928
555
73
886
261
921
524
688
191
858
352
276
676
520
590
103
620
632
419
830
287
321
404
669
424
797
991
15
126
122
132
141
904
912
402
527
403
611
481
521
495
639
169
336
637
115
32
561
912
291
903
197
239
693
420
58
830
863
168
477
636
992
91
400
163
354
771
79
865
189
564
801
947
14
645
359
254
2
933
156
949
585
937
420
223
34
580
922
957
296
316
407
753
737
442
558
697
203
986
810
582
779
886
315
243
897
114
918
98
613
938
885
43
264
158
761
286
804
866
572
573
839
323
684
861
624
450
847
678
127
656
989
992
686
97
389
397
500
3
748
435
185
235
673
293
102
242
439
119
574
118
470
224
531
589
946
598
275
190
614
116
444
61
446
142
842
655
982
348
22
337
250
817
119
620
277
696
860
940
96
145
266
200
481
549
25
356
654
997
789
145
107
130
388
353
184
853
999
268
414
857
723
586
306
910
910
948
67
257
420
76
942
958
863
225
887
991
839
502
352
907
862
86
847
836
439
174
149
102
962
782
266
774
183
677
78
124
799
15
241
290
408
517
706
619
226
797
197
680
813
564
187
619
971
356
729
241
941
46
816
746
648
828
235
417
514
998
185
318
789
828
742
18
490
159
382
853
657
98
674
371
638
490
989
758
391
33
161
98
860
588
628
983
920
507
997
95
356
726
426
934
390
529
18
261
910
403
541
178
164
199
215
256
968
615
41
968
310
119
669
257
56
615
417
705
281
940
693
247
977
550
55
853
248
255
872
540
462
563
938
718
842
93
29
711
634
303
517
491
887
683
399
467
99
853
836
996
56
579
670
233
57
397
683
805
859
593
235
57
586
358
86
745
925
181
812
638
992
440
81
152
439
336
950
842
315
332
465
493
870
466
85
819
800
773
677
635
542
586
752
676
717
952
524
476
855
984
747
196
739
456
390
467
495
82
239
238
100
301
250
76
730
826
863
991
336
855
280
253
530
775
778
159
978
733
656
64
901
339
55
688
203
144
198
938
846
566
107
591
813
674
808
624
289
359
986
767
769
431
242
426
593
573
413
486
725
228
682
480
295
985
653
445
102
355
215
32
683
668
669
667
938
668
609
483
333
54
560
96
97
896
538
942
565
615
229
28
835
57
896
541
206
372
553
500
27
347
475
406
480
737
373
710
943
448
352
834
242
536
227
990
80
499
876
439
868
643
636
289
261
180
587
884
18
158
939
457
651
947
854
434
949
926
814
241
351
570
524
700
640
295
116
520
89
221
526
589
840
610
155
849
845
637
503
31
858
882
859
374
378
78
948
424
505
542
179
61
541
640
596
96
820
808
426
713
704
230
153
519
748
526
683
186
33
370
119
953
499
607
353
552
372
964
719
864
111
368
100
724
782
596
265
796
984
756
628
121
343
249
922
706
443
689
435
788
588
878
93
538
693
37
39
563
207
890
476
244
494
238
700
434
931
919
84
423
608
788
216
499
897
165
558
797
741
758
918
940
525
562
895
642
611
63
735
308
147
985
89
749
586
194
641
288
261
641
191
866
146
88
484
606
329
518
235
41
688
383
790
133
207
479
22
675
561
635
700
700
436
479
40
559
323
465
965
576
84
31
312
818
964
552
464
579
644
273
447
517
435
711
339
958
510
833
705
947
799
997
504
347
976
903
155
125
990
596
325
520
3
800
353
440
143
49
121
671
147
47
701
332
662
74
383
477
373
983
547
155
799
549
759
82
346
521
512
503
343
515
997
675
818
574
276
446
580
945
333
428
806
918
125
52
671
69
665
588
3
456
429
336
27
795
23
830
297
242
28
631
331
258
795
582
82
75
876
467
387
164
71
590
812
249
751
71
130
588
881
969
49
725
156
203
894
992
843
871
375
187
509
211
251
883
806
364
692
772
183
836
774
682
141
903
69
526
641
248
144
301
304
517
464
581
209
682
37
348
747
487
481
691
459
655
998
730
856
86
196
839
791
943
308
906
59
163
450
653
326
411
764
466
981
425
682
681
752
66
214
960
656
258
55
506
542
989
749
856
861
105
146
448
790
386
981
639
523
693
869
806
755
949
896
744
135
501
40
431
722
947
992
208
286
262
722
787
565
384
517
173
902
668
355
455
556
345
347
965
561
237
193
827
737
449
210
206
746
617
591
301
155
969
20
73
434
678
616
563
852
136
552
603
505
116
364
836
359
48
248
279
353
678
834
609
469
954
956
885
270
727
514
142
293
383
852
902
425
375
995
392
280
268
8
703
530
497
377
518
171
951
74
291
314
831
332
798
307
887
393
345
182
813
167
861
556
930
71
525
563
790
212
623
46
737
987
410
680
327
380
334
472
234
460
812
262
258
156
218
339
58
658
542
799
581
236
37
819
800
641
223
485
913
546
244
597
797
888
352
424
61
881
460
238
155
522
622
649
990
597
333
259
561
695
114
807
924
261
245
496
919
675
147
768
624
395
702
200
747
164
775
39
638
733
774
199
162
147
824
970
677
442
423
933
138
120
632
954
632
509
956
143
758
95
248
803
38
451
273
866
55
647
189
787
599
390
521
645
702
336
532
546
152
307
531
366
78
260
532
343
841
748
903
980
917
261
869
530
39
697
999
895
280
813
613
440
816
480
486
215
400
547
77
931
292
462
363
771
607
676
545
986
291
23
978
662
290
343
606
80
781
238
984
904
173
259
306
524
264
462
371
523
603
765
697
376
92
717
770
514
776
575
813
922
349
164
981
891
491
11
277
569
744
170
981
354
770
489
354
450
370
10
917
415
969
95
804
322
834
656
134
142
854
513
745
432
882
521
970
15
313
839
36
286
102
773
596
619
547
729
753
947
456
29
622
20
729
387
805
684
216
352
756
703
331
124
613
887
118
129
329
802
127
880
496
881
603
952
23
600
387
40
983
825
80
959
801
231
219
647
138
470
699
473
846
56
702
620
563
151
224
519
66
731
963
962
268
917
883
204
571
51
295
622
418
370
148
720
963
909
649
507
314
480
487
463
158
522
444
350
878
155
482
435
218
600
352
547
478
154
4
433
328
3
353
534
158
634
527
919
688
792
904
968
1000
122
894
105
82
703
410
330
768
929
806
888
838
960
292
537
249
50
410
989
393
538
237
406
64
969
52
202
189
886
586
707
136
779
202
503
305
873
406
732
811
10
851
749
983
115
182
808
382
68
961
664
898
440
73
54
768
704
694
514
167
525
48
476
109
510
779
742
885
885
80
92
252
482
291
305
531
840
274
474
417
926
350
142
165
266
6
817
590
259
970
744
277
573
300
764
392
18
377
528
173
42
902
17
383
243
895
46
225
574
854
927
298
431
280
619
779
44
790
515
286
781
624
783
685
7
508
508
77
628
779
568
697
136
879
982
371
398
871
75
830
787
541
77
166
620
79
751
143
18
36
60
160
117
15
194
165
655
929
236
838
947
46
364
323
996
976
512
335
230
552
795
472
132
717
518
444
744
520
213
58
987
763
220
173
522
467
356
900
720
50
615
296
556
695
661
56
328
653
36
158
963
387
8
190
927
810
907
593
84
189
477
100
49
88
328
540
232
376
370
539
466
548
685
540
568
440
261
325
230
329
419
833
344
608
152
675
143
287
132
919
68
2
372
889
480
675
807
446
423
219
96
902
701
492
945
808
377
270
66
374
1
473
227
137
431
804
766
587
689
491
165
207
473
29
403
973
5
332
990
895
994
554
922
26
88
179
825
269
758
31
399
268
560
822
828
319
736
731
11
440
266
310
821
877
25
284
269
783
983
189
708
114
605
911
973
219
284
181
1000
943
106
905
470
467
64
821
816
85
402
552
87
279
317
362
504
960
5
186
749
598
968
497
716
967
64
405
473
679
489
705
678
419
880
726
48
94
345
352
511
677
95
343
502
565
133
98
316
58
169
593
255
348
561
580
736
911
482
35
306
384
246
304
882
738
917
31
116
48
598
440
436
135
400
907
630
601
331
567
801
20
37
91
175
262
867
401
527
405
290
178
274
305
929
22
898
246
992
39
544
478
682
104
97
913
626
566
908
330
468
419
72
93
370
192
371
651
643
477
553
475
299
888
309
767
264
193
153
785
216
602
732
103
892
986
934
25
777
330
364
596
887
660
669
490
167
389
31
935
262
981
794
859
349
972
888
832
127
780
416
827
718
923
260
238
146
587
393
604
564
670
531
22
570
980
959
792
469
775
519
42
157
830
432
617
916
544
480
120
137
285
10
12
280
990
837
960
83
521
420
582
164
5
302
890
2
200
30
229
855
207
258
359
266
181
756
89
197
253
601
658
97
143
334
298
584
316
342
997
949
604
54
872
536
98
162
654
271
685
389
877
674
950
589
943
592
990
830
820
385
114
656
934
882
874
673
173
942
265
553
772
398
945
968
922
22
605
602
16
108
867
911
285
577
293
750
33
872
711
200
386
890
321
460
952
524
765
349
149
911
903
957
696
108
714
990
977
979
558
785
788
173
445
793
216
480
889
702
104
436
112
211
553
886
676
216
878
245
35
741
850
689
379
224
651
578
433
956
105
932
447
27
377
21
208
302
317
242
522
581
198
943
68
14
454
142
177
61
106
649
371
768
424
174
204
59
654
237
577
121
566
315
857
422
540
499
711
795
788
756
7
407
832
792
663
367
163
529
818
172
254
763
716
70
262
638
541
306
457
72
47
586
568
660
674
870
656
977
25
429
480
259
407
370
433
653
760
212
254
258
347
668
454
409
163
287
450
808
463
79
525
947
707
825
597
396
379
216
658
156
994
36
678
412
458
72
587
740
475
281
782
696
868
878
593
626
251
23
792
504
100
427
494
319
548
451
224
521
430
36
761
395
59
147
970
446
379
644
121
273
75
189
50
793
789
122
596
266
180
672
44
324
664
491
838
417
884
877
36
106
89
887
89
147
193
687
744
200
858
340
669
993
868
610
788
371
53
346
478
447
723
454
716
668
983
38
1
824
389
664
439
825
467
354
467
91
466
534
169
131
803
914
64
383
153
551
467
610
635
823
654
181
77
220
134
694
997
594
82
876
29
273
603
448
1
952
682
700
829
684
60
747
344
69
961
662
931
394
643
722
846
738
714
337
157
174
446
549
683
250
507
664
343
789
666
639
422
676
983
22
689
456
724
234
549
14
997
988
937
953
163
403
627
338
572
723
509
514
328
903
109
145
784
564
950
164
890
731
681
487
433
31
617
657
192
845
175
666
184
894
515
179
99
27
502
95
900
238
683
142
252
632
809
900
317
421
812
277
723
820
591
459
24
758
400
665
840
908
603
901
906
953
660
853
524
578
708
978
677
438
541
232
185
828
686
592
315
833
368
323
568
412
400
154
26
278
117
874
937
836
624
199
925
654
972
884
380
483
712
18
452
778
362
121
972
674
878
821
311
440
238
448
191
175
101
192
242
308
919
634
192
887
409
482
938
22
847
536
946
325
294
507
270
725
733
598
593
604
247
193
311
999
571
96
192
63
40
327
922
194
921
275
967
44
744
333
155
898
89
188
331
240
715
1
886
260
31
497
855
352
214
133
139
324
358
824
504
697
669
780
60
279
975
773
575
21
400
591
135
591
339
374
344
301
212
609
792
531
37
979
359
654
192
148
892
367
839
876
649
708
529
495
674
677
685
970
374
705
480
346
713
397
183
644
505
79
66
742
880
624
774
913
711
163
938
278
59
277
676
158
424
778
969
500
974
766
244
864
57
661
50
647
565
649
486
204
707
423
605
247
472
385
849
128
367
405
645
483
179
698
59
421
301
150
292
719
754
378
900
34
819
761
181
150
45
547
189
340
863
165
740
315
654
468
837
728
142
128
60
298
149
567
269
919
677
702
713
95
225
962
983
630
398
593
682
426
848
801
817
786
888
612
773
414
733
824
860
210
663
186
789
232
786
71
261
842
908
80
194
308
79
492
394
325
556
956
505
263
949
316
692
537
785
264
976
38
306
719
811
738
331
287
870
386
910
41
564
696
912
951
824
645
558
45
620
973
571
431
768
55
750
94
370
21
626
266
38
567
325
462
844
209
911
306
796
217
720
776
105
279
255
557
646
970
383
839
53
661
627
202
267
504
256
783
733
953
883
7
513
479
73
207
283
200
65
834
610
438
217
381
323
720
968
359
798
979
299
367
841
60
404
317
89
886
291
120
60
976
847
590
925
218
264
561
310
280
409
551
155
290
157
209
55
403
760
342
700
171
191
524
683
306
785
335
874
431
314
79
254
535
873
210
573
488
881
179
232
629
739
383
299
794
509
649
624
771
13
640
34
863
744
222
657
765
56
379
68
74
995
34
871
795
684
374
386
72
854
676
669
735
972
112
299
789
238
479
656
5
181
724
828
1
843
127
909
544
721
351
75
927
487
615
375
803
148
428
739
665
748
854
513
664
903
557
405
479
307
821
811
258
316
599
367
73
908
723
70
966
808
103
914
959
933
407
104
901
826
406
671
441
813
995
271
479
564
260
988
261
533
698
204
522
741
533
817
225
763
788
757
592
412
589
71
721
922
914
801
861
694
498
486
137
213
196
809
234
563
112
608
208
180
781
288
286
51
293
385
347
174
54
175
370
8
923
881
500
249
620
487
404
806
31
700
755
268
271
663
860
817
481
514
807
614
66
317
446
498
693
504
612
337
332
883
944
690
50
27
427
592
930
779
553
29
354
851
701
686
549
781
856
113
158
149
975
254
646
378
742
682
326
141
316
285
38
575
585
89
192
216
842
869
519
869
327
235
774
305
430
963
500
290
58
522
118
771
995
232
803
976
518
112
223
411
719
22
111
794
502
264
203
860
190
631
63
252
429
353
71
47
219
452
881
123
92
879
956
512
179
401
440
678
545
88
256
846
464
149
771
264
774
514
381
224
657
285
986
700
114
816
144
93
655
44
338
559
508
720
124
939
450
976
51
186
859
101
617
703
479
348
318
972
177
99
219
822
85
711
189
586
307
911
316
884
46
130
966
978
655
551
58
634
175
591
149
518
752
604
181
161
43
357
658
856
482
892
259
413
858
537
342
586
403
301
202
405
462
731
558
435
857
880
404
643
866
243
877
405
706
946
346
828
909
160
671
611
793
10
622
178
661
303
938
434
573
797
540
489
633
61
350
494
655
29
844
386
323
70
707
65
859
593
849
321
268
617
319
29
937
657
582
659
560
183
78
759
411
127
849
524
682
819
577
298
696
749
631
361
160
652
818
21
62
109
393
391
418
141
848
123
986
944
845
207
151
938
264
985
434
50
558
543
475
113
240
478
43
229
612
178
177
625
829
175
412
424
838
735
652
185
56
831
173
601
545
53
574
161
336
444
169
597
98
814
45
845
376
773
16
34
924
141
926
921
386
172
23
673
216
540
63
67
794
668
647
340
13
718
225
525
394
257
575
659
712
261
698
860
250
435
607
675
69
733
565
620
696
915
389
708
20
510
664
181
338
187
113
496
759
868
813
731
941
776
19
398
821
509
4
915
343
787
144
947
414
1
348
304
59
553
607
961
549
577
186
643
93
395
490
622
675
204
875
459
579
636
373
779
765
529
863
487
246
194
494
576
648
993
114
359
21
266
459
646
343
595
347
322
503
76
14
453
188
334
495
832
243
189
678
190
812
690
997
44
134
934
366
452
253
820
760
163
808
535
695
549
852
316
851
712
119
699
346
100
8
375
920
346
37
346
352
473
695
849
110
930
131
408
102
428
392
829
632
96
194
263
223
483
835
237
628
33
700
714
595
795
896
77
892
223
486
398
900
66
97
564
86
414
665
815
466
462
237
517
818
689
634
252
161
792
530
808
661
620
393
599
243
757
685
705
827
556
299
488
358
738
872
23
702
397
980
941
598
337
878
241
271
734
397
81
390
94
655
399
184
102
759
576
676
187
318
854
262
484
476
916
59
188
819
762
818
51
577
686
736
307
415
551
231
112
838
394
178
462
340
910
469
205
883
267
743
589
434
15
483
400
700
516
652
985
722
471
625
665
385
125
900
684
342
355
736
358
967
991
418
682
425
716
761
700
768
424
979
491
833
1
260
177
645
26
248
516
828
602
323
939
281
903
826
574
55
402
790
152
596
915
783
507
246
791
990
539
920
347
425
88
310
862
623
537
747
785
577
411
974
180
264
221
824
552
698
895
800
788
200
517
92
456
322
625
984
540
544
795
265
146
354
296
238
552
380
742
430
768
836
445
252
274
291
756
73
359
539
689
70
6
529
967
989
152
107
515
113
134
850
198
185
742
673
1000
431
123
678
102
303
457
668
361
184
496
212
206
328
785
732
875
36
629
773
517
190
302
492
661
163
305
214
688
44
511
800
961
10
665
623
722
709
165
145
452
398
955
812
237
441
429
241
783
698
940
247
552
405
884
467
331
259
503
929
617
168
544
473
677
942
362
997
669
35
622
747
448
445
572
124
191
687
410
267
86
287
274
522
383
863
540
453
686
445
477
732
100
551
107
350
700
366
386
628
848
38
365
791
950
91
828
146
309
892
736
769
377
894
113
703
36
370
588
863
7
581
340
860
173
352
218
79
634
530
541
783
169
272
975
148
224
751
416
407
599
519
557
702
469
778
140
880
519
782
298
629
623
705
635
484
192
55
253
409
42
7
583
178
346
229
397
914
427
16
679
198
247
723
258
752
477
15
828
480
733
350
672
462
33
485
774
647
463
192
90
426
854
725
679
74
905
669
770
791
256
410
232
441
450
325
419
450
371
261
844
282
757
753
735
363
918
595
156
39
775
28
234
813
665
594
198
46
683
353
754
80
176
722
599
748
179
701
272
616
524
124
562
141
293
396
313
200
83
826
381
114
916
278
659
563
806
341
374
432
293
341
758
429
693
53
904
759
959
423
444
935
377
961
797
844
167
281
85
347
394
235
527
432
13
527
726
388
22
353
704
373
211
628
269
316
613
988
185
924
828
476
973
599
561
308
486
450
643
784
304
716
521
666
760
959
180
731
816
45
736
604
163
410
767
401
455
499
58
184
969
602
312
193
503
391
824
455
764
380
250
227
635
356
581
867
664
329
156
961
192
341
160
903
828
189
754
945
651
285
495
786
582
268
680
890
901
775
472
491
968
970
924
693
391
710
96
276
704
88
129
301
878
749
941
288
352
530
666
855
727
203
819
269
116
104
858
208
499
941
94
898
942
343
962
569
213
168
332
5
781
653
892
176
757
991
931
35
366
533
174
284
341
40
755
897
301
706
264
183
814
192
731
452
118
690
887
714
704
706
134
946
674
541
784
505
803
453
234
175
245
103
247
927
468
825
765
873
802
948
377
346
125
926
122
731
268
814
776
589
170
28
477
907
459
368
765
161
250
921
973
681
964
354
841
374
585
145
374
827
602
384
414
312
104
158
599
574
128
834
697
456
632
33
160
785
578
519
976
270
417
264
59
973
853
489
9
924
869
495
174
690
733
863
519
173
608
2
809
632
37
411
542
898
932
884
856
403
688
432
733
668
830
878
975
624
108
646
637
892
644
341
776
474
656
290
103
777
688
630
986
472
646
648
468
722
898
343
269
400
450
884
798
930
862
786
918
357
236
593
123
873
102
670
580
399
336
217
913
69
162
60
431
722
775
718
340
847
683
106
28
86
53
215
736
601
61
152
264
627
330
869
771
218
131
483
284
220
831
97
985
778
985
260
522
223
571
943
802
238
163
762
13
238
1
29
630
785
310
254
495
413
103
697
866
5
43
987
748
377
826
314
334
9
160
828
615
862
951
781
804
691
989
927
17
869
183
153
898
179
399
750
658
655
292
776
403
447
619
181
400
31
32
64
23
978
312
113
141
995
458
724
897
849
509
59
369
456
137
344
41
926
812
24
215
994
719
324
569
691
303
129
376
454
889
939
229
132
5
508
126
887
411
828
146
802
622
145
742
114
524
834
911
363
66
365
440
101
185
164
201
625
777
669
743
541
337
106
560
497
91
392
697
13
348
606
813
764
993
803
221
764
911
762
852
884
145
757
55
382
980
56
145
132
522
334
242
417
443
565
618
136
584
190
465
261
239
608
467
130
525
762
181
276
445
194
446
554
474
755
812
642
378
126
950
8
993
772
772
300
562
456
471
53
508
456
562
253
158
207
195
446
475
66
486
190
475
385
727
939
578
821
55
378
110
218
148
740
146
741
418
168
816
743
44
795
83
85
942
92
459
735
886
679
146
459
919
488
126
454
45
847
409
606
578
797
566
694
991
22
293
714
512
652
357
427
978
350
413
164
121
192
317
726
757
593
881
322
175
874
584
117
558
516
158
48
577
734
426
811
461
251
387
851
839
936
215
706
589
680
64
627
330
3
895
506
200
138
966
103
806
169
955
975
993
650
49
57
334
118
101
884
177
349
331
496
65
296
707
205
983
774
707
312
116
1000
745
968
311
453
711
354
744
813
335
709
496
521
285
289
682
273
753
927
3
186
455
185
43
244
262
437
290
720
912
177
768
970
666
68
720
186
199
287
839
431
249
339
885
508
712
55
39
86
259
221
599
253
179
465
620
864
643
414
544
292
84
110
249
85
848
644
262
726
483
231
980
335
257
290
469
866
720
419
655
179
912
406
735
581
613
54
40
914
960
483
19
449
175
154
44
449
755
839
209
430
874
118
458
307
617
352
897
287
35
283
957
295
319
535
796
299
644
49
749
562
548
260
687
887
703
970
386
508
492
709
206
233
279
30
317
12
291
45
465
202
569
820
399
905
704
20
774
366
31
626
306
368
212
409
315
36
809
964
10
969
282
886
335
788
889
16
232
106
127
539
367
278
651
458
719
997
737
141
99
605
322
944
21
572
471
229
324
313
625
932
646
31
236
766
275
151
223
229
525
326
204
952
567
798
361
120
888
695
682
764
777
727
273
713
358
770
461
618
376
259
378
494
12
575
444
684
40
19
830
204
623
592
527
225
716
571
980
15
121
710
793
94
721
812
262
629
222
802
895
322
864
267
153
490
374
917
886
550
911
937
170
13
176
55
524
186
649
31
828
825
182
650
183
696
445
249
785
241
371
652
558
375
236
730
334
40
647
795
526
970
631
29
991
798
558
163
978
83
69
656
160
416
538
551
508
667
206
787
913
986
672
878
827
276
214
437
623
388
456
676
622
732
111
553
189
316
853
934
518
881
107
708
791
85
80
489
554
852
949
499
638
330
628
60
643
910
683
686
503
749
129
67
443
737
680
419
610
53
571
512
340
481
505
129
102
80
641
47
453
766
579
284
169
635
777
539
927
482
299
972
468
760
637
949
145
434
742
434
43
506
925
339
855
28
904
611
613
78
439
389
981
686
545
44
247
773
648
316
154
872
237
638
470
324
666
569
895
324
887
228
385
505
666
523
489
969
253
581
731
746
668
499
612
315
31
735
71
752
410
776
182
666
21
536
946
572
729
21
565
226
728
723
345
638
547
381
177
489
910
32
513
861
519
203
988
635
472
242
360
969
927
191
273
735
816
645
881
675
380
614
963
2
79
810
409
596
951
39
595
961
521
53
433
241
335
638
267
89
329
785
835
384
187
593
227
846
404
177
46
546
508
934
431
923
277
832
106
850
275
785
319
439
515
815
420
708
262
570
423
466
299
955
896
134
122
309
58
643
967
702
15
465
605
620
719
615
162
991
296
597
737
487
577
308
739
265
384
92
602
79
783
661
877
715
659
476
319
16
582
34
854
907
790
880
860
660
248
942
220
650
987
81
653
955
405
497
449
934
560
611
982
639
465
685
30
881
394
782
66
774
469
702
112
288
36
687
476
828
287
380
442
478
187
162
686
841
936
603
614
554
782
28
892
746
84
703
633
919
835
882
507
314
170
160
700
401
444
414
323
412
728
976
427
269
776
59
911
316
102
309
27
415
537
189
161
815
937
936
717
752
1
383
931
594
729
679
239
3
162
486
118
194
640
862
848
89
218
410
90
574
100
621
67
74
436
940
890
216
743
347
776
360
329
353
281
220
659
7
741
802
50
890
917
848
930
922
87
207
195
444
445
654
254
536
166
984
694
883
414
527
917
456
271
652
713
932
591
545
35
161
864
71
285
528
773
36
203
82
913
829
447
525
388
550
104
485
982
150
343
528
201
959
441
683
641
553
998
22
998
203
28
749
996
136
188
130
42
833
582
989
598
422
588
138
917
381
892
937
909
150
480
802
453
650
58
447
211
195
980
986
280
383
762
12
404
286
52
819
461
814
48
120
395
585
759
840
859
533
111
901
580
880
726
526
644
960
268
360
442
965
476
288
973
805
684
584
666
851
188
531
709
506
153
257
589
709
379
144
440
297
865
183
947
342
897
464
822
415
927
159
97
348
333
58
509
737
968
799
472
460
528
629
904
221
526
544
777
880
943
457
911
799
125
487
264
184
661
464
244
216
755
442
948
720
136
125
794
931
822
365
354
283
760
653
240
534
273
58
763
911
349
132
608
967
789
240
169
370
787
943
400
53
989
662
831
284
698
823
566
428
335
188
646
506
797
387
102
244
43
905
730
539
533
714
392
838
62
435
577
914
643
757
63
119
303
562
413
473
601
194
386
193
509
459
754
208
425
18
423
399
694
813
693
788
370
572
747
528
627
517
250
478
969
422
9
695
431
867
653
824
360
268
90
971
392
990
949
111
843
702
758
280
143
975
564
756
990
31
937
398
406
441
167
998
654
324
564
882
645
527
693
734
955
373
76
736
24
356
204
201
210
201
448
181
500
531
78
40
442
536
234
97
1
10
974
49
452
541
817
612
561
536
534
32
773
851
545
821
637
49
141
657
378
281
997
767
24
996
339
369
544
696
61
431
676
53
305
200
244
874
111
486
246
887
911
534
163
824
951
126
367
802
139
75
336
429
584
759
435
757
966
380
761
512
972
955
440
360
148
879
369
232
775
217
441
503
630
477
138
671
441
140
843
920
1
439
464
804
468
470
298
603
225
844
85
252
985
942
678
1
649
945
771
311
920
907
232
821
419
563
458
4
566
742
267
914
744
747
431
787
962
210
121
168
475
886
216
847
267
977
909
757
71
621
253
403
71
352
367
22
86
170
63
711
135
899
48
822
593
151
443
723
293
327
613
217
799
742
581
118
776
468
73
167
860
513
378
402
804
229
801
671
78
240
597
359
786
115
164
378
791
796
972
893
811
907
667
520
99
577
898
96
884
949
692
841
180
777
911
85
926
358
414
534
500
384
811
220
850
610
803
512
904
754
992
878
902
164
860
478
380
656
913
813
354
624
205
861
813
436
254
635
370
193
431
701
121
344
669
619
152
541
785
98
825
609
786
164
372
371
412
744
437
491
401
159
233
680
873
908
990
454
588
675
503
1
309
737
133
7
974
994
763
781
457
211
953
687
246
265
448
471
37
385
125
555
770
961
688
320
709
295
8
285
153
937
735
38
491
771
590
828
640
781
963
764
59
376
151
17
19
303
977
173
198
311
786
37
724
561
76
629
427
255
372
416
175
268
467
228
39
90
607
963
631
398
542
447
573
819
834
473
769
69
216
825
567
43
176
565
811
777
134
379
914
683
239
980
264
8
379
49
653
556
101
292
850
57
765
712
302
767
744
630
217
638
28
995
859
500
387
720
881
94
693
591
261
623
152
4
338
563
851
102
360
99
49
853
604
566
662
480
893
557
652
52
369
308
99
397
284
347
306
223
713
352
46
425
926
414
646
746
698
219
559
452
813
773
466
81
866
988
259
637
419
995
914
223
121
609
326
775
900
133
545
796
495
455
686
192
243
181
878
269
173
980
345
847
230
755
822
272
669
478
555
660
519
72
361
936
429
177
156
195
904
208
50
704
938
658
95
869
763
327
562
199
387
319
718
901
595
990
546
84
527
822
424
287
878
968
211
395
728
611
473
857
826
472
800
322
825
866
178
549
98
689
374
829
935
442
95
790
214
866
118
6
465
981
480
152
507
439
648
121
211
875
116
49
269
386
503
346
945
340
855
799
232
939
936
217
285
773
565
69
456
975
295
17
507
276
351
46
180
764
467
78
181
507
291
138
177
252
378
664
598
707
704
193
568
88
55
984
531
125
911
82
208
939
623
247
239
656
567
593
281
139
189
737
704
410
23
191
839
163
405
622
747
296
767
306
461
481
475
21
43
598
20
150
953
368
903
171
227
287
336
918
230
996
43
865
456
985
697
299
852
248
566
804
391
207
644
705
405
171
852
389
184
600
665
974
134
167
118
89
320
538
749
758
360
520
665
187
84
645
497
49
897
873
115
702
195
764
775
848
148
481
752
78
280
487
650
102
587
706
144
423
454
394
219
594
598
197
772
396
899
501
954
537
723
365
62
132
152
542
31
777
262
480
597
161
132
299
333
351
740
990
835
301
838
608
412
216
387
800
689
806
323
752
348
869
352
62
520
355
665
851
508
138
420
384
719
92
234
543
450
126
179
2
325
125
966
735
710
909
418
495
174
62
358
706
813
988
491
479
130
184
600
814
764
467
723
867
710
469
254
865
63
195
458
127
68
667
737
228
94
671
74
371
872
319
182
939
594
419
668
972
955
667
89
62
761
33
853
782
464
507
662
35
657
651
496
408
891
662
559
430
257
765
442
787
82
13
535
931
967
238
680
343
171
537
574
428
371
516
346
871
982
226
429
747
672
894
54
343
656
388
634
730
192
277
190
385
927
284
795
415
985
778
342
912
699
88
912
967
797
301
593
534
307
306
110
958
740
196
347
902
841
514
975
382
66
628
192
87
657
540
929
202
921
903
437
322
907
230
328
746
675
376
531
159
861
136
722
784
916
685
253
555
299
139
136
30
925
357
842
862
146
386
531
388
14
124
435
266
674
628
152
820
71
872
261
748
38
337
972
771
313
972
662
335
271
831
600
628
518
55
867
751
17
893
310
68
981
28
498
709
60
319
345
230
780
554
552
874
623
83
104
737
4
1000
635
795
150
102
345
160
514
455
164
343
425
642
613
263
470
465
652
772
833
873
796
83
500
962
311
879
990
727
327
275
669
560
2
614
627
971
249
573
789
916
360
374
223
314
140
826
225
475
791
303
579
575
36
210
73
524
545
971
365
697
29
925
842
427
666
136
866
950
797
716
427
440
656
366
532
160
773
417
287
272
53
987
648
127
897
836
495
192
853
992
974
147
918
983
768
878
45
815
358
734
764
257
236
331
565
530
62
225
526
111
353
893
699
52
202
235
958
451
381
977
654
29
740
628
802
45
691
467
73
385
209
269
910
909
417
115
975
288
127
875
25
649
279
368
529
361
767
804
860
393
685
515
626
195
951
652
874
299
973
861
804
504
698
39
799
714
342
659
488
67
674
921
211
546
582
509
577
346
129
378
435
456
284
435
164
672
182
426
558
650
621
145
407
979
236
896
493
764
603
16
644
606
527
269
856
705
951
197
807
705
166
960
116
601
486
758
537
200
367
845
267
941
272
473
994
990
214
793
960
696
439
819
736
72
712
405
463
991
602
658
695
246
491
864
2
130
605
260
753
547
686
538
452
342
725
240
197
366
574
547
727
458
460
247
937
142
869
858
756
409
802
945
695
722
615
537
848
794
600
147
201
38
364
337
233
222
278
96
980
610
