157
379
849
12
26
343
556
597
716
400
295
5
364
130
136
789
611
720
136
498
61
925
728
977
83
382
245
220
190
986
128
387
792
384
988
544
448
479
949
360
726
954
181
493
660
195
28
586
953
781
4
988
968
184
934
500
894
576
361
915
941
637
170
829
87
318
868
610
78
919
422
233
287
178
411
861
725
900
511
35
781
726
983
918
172
530
955
17
100
337
118
985
427
835
216
9
413
392
134
270
489
316
95
565
956
383
105
82
864
823
812
132
775
184
444
304
579
350
625
741
388
126
641
640
188
470
572
201
798
814
963
841
807
714
303
218
571
952
251
354
257
784
704
235
954
184
255
671
426
262
679
612
725
271
948
862
639
760
401
179
211
66
611
794
917
305
320
37
492
840
76
547
945
576
144
395
930
673
961
962
727
265
452
106
240
397
111
825
473
795
716
985
199
274
979
629
543
377
428
446
272
579
795
248
267
937
906
32
186
818
176
333
894
457
232
714
176
319
113
436
479
144
895
670
322
679
793
959
901
444
563
238
196
240
703
119
284
661
603
634
428
800
54
854
465
1
945
353
587
359
134
910
561
727
969
33
501
531
171
722
408
556
391
918
629
534
168
165
623
191
747
87
250
721
334
615
42
463
189
338
669
142
210
883
7
518
802
77
261
231
798
482
799
603
796
490
394
654
276
724
333
714
721
470
264
350
52
961
765
703
853
240
132
455
364
809
347
398
7
887
264
415
46
665
822
725
562
296
828
799
824
657
558
334
255
631
827
888
13
483
111
602
930
928
370
727
339
415
16
837
644
749
431
185
705
697
568
656
490
301
316
676
771
332
407
418
942
932
375
999
522
238
95
856
793
227
832
57
67
461
409
834
422
395
951
284
328
424
923
605
760
161
601
127
511
3
430
242
375
604
628
158
508
350
382
47
547
538
345
400
89
324
25
544
157
177
968
227
293
404
231
320
825
188
954
419
852
901
161
905
766
374
464
289
288
950
773
247
270
554
145
116
114
538
534
702
85
36
74
190
409
516
612
564
835
650
846
454
435
109
371
275
412
30
623
246
194
962
518
998
113
877
466
204
418
220
137
284
766
559
69
635
374
169
526
474
554
836
180
898
506
727
489
259
87
341
621
33
37
261
656
609
858
809
456
892
546
498
904
930
345
166
697
513
680
504
825
980
595
303
175
30
843
389
550
986
87
163
967
171
152
384
60
439
323
819
648
844
855
884
645
657
961
357
438
79
550
249
373
89
31
972
418
627
956
796
703
986
481
584
683
37
516
161
394
31
376
700
787
733
591
17
772
414
796
195
874
902
513
692
977
693
681
664
167
731
727
624
651
991
528
396
760
849
727
987
593
347
864
952
250
504
370
714
780
810
20
524
361
910
784
649
342
628
453
662
458
718
881
753
178
949
96
312
311
975
943
191
492
953
163
885
874
443
238
200
580
790
296
708
463
396
219
738
928
107
132
519
259
628
350
565
115
426
129
654
727
693
139
616
711
338
257
254
619
433
433
220
65
750
265
796
499
956
484
15
194
515
529
787
849
405
237
522
604
899
467
295
115
749
601
945
238
726
467
443
794
188
900
845
216
517
523
599
950
685
38
875
553
20
113
465
782
69
169
843
190
149
408
96
81
285
17
450
352
972
443
117
573
203
407
687
488
148
101
131
694
549
186
21
134
908
795
578
247
159
825
498
992
539
155
297
358
958
560
328
147
133
899
774
712
965
886
295
238
632
618
904
753
970
255
499
804
204
260
798
285
41
134
144
452
797
239
482
549
109
538
567
749
890
828
253
950
633
558
683
204
517
113
152
419
161
995
491
538
608
433
614
563
444
90
503
439
677
854
657
990
748
147
234
623
367
69
219
82
950
20
764
557
764
586
920
53
352
869
680
560
403
558
763
769
126
304
129
210
162
934
385
768
660
214
957
373
544
821
996
673
547
331
493
659
877
257
319
147
584
202
686
933
10
627
415
793
394
433
922
609
135
869
455
590
10
104
563
993
619
587
966
909
447
315
107
819
666
748
503
470
706
509
502
233
497
686
756
127
112
19
459
846
920
589
135
592
32
275
735
425
587
700
639
729
282
906
10
481
786
274
273
691
941
295
443
981
699
535
685
938
921
483
350
475
986
261
125
414
132
192
321
440
332
172
939
255
327
70
493
87
598
410
50
165
463
283
85
404
468
95
35
313
39
623
918
821
242
574
862
751
422
533
968
289
691
381
270
870
738
98
327
788
901
868
226
129
10
489
271
476
453
492
280
964
680
865
284
454
791
816
509
639
404
443
924
177
956
466
449
243
884
424
76
502
48
444
994
240
575
641
958
926
123
775
957
26
860
863
734
815
519
508
500
656
700
812
996
975
458
22
178
5
294
242
140
179
465
423
116
664
507
742
722
448
159
932
592
174
258
695
306
198
372
677
914
672
646
807
980
540
512
745
76
325
101
630
834
843
131
597
524
318
202
493
210
332
133
522
995
182
279
268
72
750
83
661
279
357
382
595
802
733
286
431
514
676
822
90
56
861
142
151
101
727
405
298
812
787
958
583
380
569
496
900
467
686
222
183
357
761
218
813
853
555
606
758
85
191
538
427
337
649
250
899
604
189
843
379
802
926
338
34
169
813
552
378
602
394
81
266
943
801
308
540
704
358
142
932
265
227
322
300
749
336
97
726
24
45
454
744
2
492
453
878
136
427
34
417
917
815
999
977
92
175
936
230
254
638
346
113
847
204
28
487
369
481
672
664
793
458
66
704
901
5
701
480
764
979
561
814
357
627
932
334
530
714
926
6
833
888
536
932
592
342
4
813
310
708
460
629
579
233
124
380
572
823
827
650
520
880
945
354
28
499
203
286
359
120
548
185
191
174
801
60
26
636
967
201
376
287
64
94
860
553
524
345
918
290
895
154
406
460
313
675
646
97
178
280
619
902
344
772
851
756
402
475
83
146
416
125
706
343
686
734
745
67
7
751
267
880
506
390
817
621
299
508
853
945
823
718
965
355
407
618
534
505
134
422
594
968
897
441
958
683
643
798
168
826
327
69
734
499
139
860
245
951
52
450
754
119
816
48
864
693
167
6
784
662
579
389
367
328
480
232
906
55
739
501
758
950
942
920
237
607
465
385
829
130
420
210
92
654
764
338
816
644
700
500
915
930
1
680
578
22
839
728
402
602
56
779
756
159
22
599
560
160
935
901
638
803
95
865
37
882
723
432
431
321
187
264
308
213
40
602
821
704
401
560
593
540
249
497
855
70
193
559
983
812
686
754
760
960
286
851
326
953
197
476
593
447
222
48
282
222
755
801
934
201
386
682
552
501
582
788
852
294
291
180
561
687
514
539
786
794
723
981
429
315
239
85
915
162
334
381
420
929
436
300
561
373
696
782
519
346
372
667
306
449
912
756
605
43
366
93
213
356
28
12
328
844
297
959
278
231
348
946
254
561
15
516
283
798
510
976
968
176
764
987
665
689
958
869
94
901
71
888
722
51
607
735
145
460
29
793
102
311
223
63
316
851
610
12
291
952
523
433
382
852
886
627
330
882
875
318
190
646
987
855
413
466
838
250
81
739
163
987
671
83
76
460
940
451
672
429
502
115
656
524
140
390
477
490
778
96
23
556
224
218
699
879
631
105
530
401
236
80
869
695
511
880
899
310
297
647
360
430
250
493
198
416
377
28
475
883
242
259
54
441
848
481
322
415
310
398
588
376
800
649
437
679
708
508
973
770
380
173
202
908
734
638
473
376
52
56
328
705
844
845
389
248
79
928
175
633
47
856
293
316
986
469
294
753
434
456
82
764
12
13
828
164
628
998
124
295
271
188
313
640
490
884
159
167
363
90
301
735
476
417
149
322
383
395
883
207
82
964
388
840
329
688
72
213
937
727
791
640
330
223
522
754
865
836
84
430
747
416
97
883
733
274
16
73
848
235
198
283
927
391
799
793
689
268
193
203
100
489
764
261
332
808
570
308
967
312
168
712
70
4
256
274
289
811
427
626
596
725
112
321
32
815
340
462
38
52
413
854
473
696
939
9
627
675
325
400
170
579
547
47
694
675
873
623
299
600
815
151
64
691
634
685
472
614
527
740
95
763
466
93
474
627
962
1000
614
75
4
145
23
167
527
112
843
45
337
97
179
841
962
608
218
222
163
873
914
211
323
386
204
162
393
245
375
762
49
946
857
501
645
214
934
246
158
576
556
498
720
253
309
393
643
933
593
396
575
855
464
781
251
62
841
581
804
375
58
611
850
171
245
93
96
686
886
818
660
533
54
371
260
558
960
91
730
306
499
139
134
473
457
281
499
676
777
274
504
505
808
798
165
260
98
791
72
388
586
987
321
742
659
706
859
219
643
330
567
630
227
833
307
885
708
813
303
36
172
62
393
92
485
592
672
860
996
136
523
456
392
129
654
957
422
503
80
686
45
870
737
137
161
904
988
483
915
945
934
709
135
815
539
346
724
569
426
591
825
57
219
420
967
32
523
617
720
135
859
117
728
895
80
833
596
886
417
528
59
582
686
822
410
714
222
834
65
308
428
625
420
204
732
57
385
459
780
967
712
463
389
43
6
41
763
275
589
279
775
897
469
844
253
130
391
809
884
648
224
502
370
534
515
637
595
567
344
105
599
699
422
68
810
409
10
590
652
751
801
570
936
442
427
584
949
864
902
423
274
903
185
586
139
684
995
365
501
240
978
721
191
785
118
279
518
955
562
852
64
229
767
734
617
77
715
189
894
930
974
988
449
316
668
50
703
630
26
677
156
959
363
780
297
366
368
406
142
184
435
909
518
308
631
824
193
705
1
313
621
33
633
401
646
941
250
405
776
379
577
833
962
490
724
759
169
309
174
754
307
395
807
341
949
321
634
974
215
660
713
880
160
8
919
841
366
475
910
808
209
146
151
545
296
304
571
645
305
852
883
436
168
114
356
63
385
434
932
841
899
381
436
976
768
378
572
320
956
991
361
110
30
243
118
96
690
595
654
155
77
894
7
142
452
788
595
485
318
530
266
735
122
767
620
674
175
743
698
904
251
49
74
580
840
98
371
576
507
584
599
526
423
676
37
785
862
82
344
205
593
310
778
466
171
442
807
132
590
663
104
145
841
373
619
831
978
24
206
436
988
612
792
961
431
836
800
174
237
219
245
432
113
243
711
665
149
667
432
343
2
163
861
328
859
267
773
596
103
480
812
617
214
856
823
123
247
460
975
913
992
102
875
610
793
967
251
945
28
682
403
116
6
838
880
608
555
516
788
318
185
103
605
691
612
487
674
24
269
199
828
956
932
741
680
108
886
468
46
979
389
615
51
269
614
32
537
927
488
365
159
989
721
589
17
188
417
725
412
930
445
713
979
564
346
460
124
833
438
668
540
420
907
465
931
798
408
659
36
900
589
574
945
429
791
4
16
912
278
565
345
32
431
631
221
521
802
815
285
642
842
395
460
327
132
771
642
121
97
244
263
36
401
902
980
181
259
479
295
365
563
578
877
183
904
389
102
609
215
11
975
917
91
4
90
651
880
331
702
168
941
164
737
902
715
511
888
964
383
682
726
295
884
900
901
547
399
339
322
445
727
766
102
218
396
484
776
194
186
311
283
437
355
243
292
233
196
532
963
750
36
164
614
483
510
981
946
885
48
604
165
915
159
827
999
388
667
994
711
392
803
534
451
998
625
405
355
301
329
719
515
540
4
225
950
416
368
471
135
197
958
54
72
722
854
910
213
592
532
652
861
114
203
729
750
881
85
271
459
795
777
53
192
996
650
874
646
963
636
11
964
725
250
367
788
662
665
963
392
446
291
926
348
178
688
494
239
190
653
987
608
304
557
863
688
583
835
236
596
402
611
557
675
441
728
973
459
163
772
721
246
913
232
692
213
414
270
373
720
185
646
164
478
377
524
874
859
712
12
917
791
279
842
863
105
781
760
970
652
595
274
790
383
600
454
798
562
312
447
846
181
629
530
471
317
177
490
422
535
482
743
767
427
861
64
860
454
368
847
149
278
437
782
645
713
663
590
750
38
906
898
267
549
534
27
533
476
835
846
257
37
754
105
656
830
520
863
508
832
618
758
922
680
94
32
954
902
657
368
186
525
82
280
661
414
284
89
481
291
999
316
346
874
760
847
35
523
92
363
342
818
949
958
28
701
914
139
134
331
337
327
286
821
317
165
702
336
263
831
741
740
252
367
302
899
672
789
982
897
361
994
850
584
124
279
245
632
516
444
11
424
651
961
419
462
724
625
124
478
901
120
814
712
481
589
873
257
883
388
471
464
735
713
757
131
134
635
768
991
817
264
519
514
489
833
183
157
161
2
172
609
147
246
911
522
831
590
550
477
122
651
874
778
259
629
442
56
122
118
908
480
753
417
33
795
831
492
849
921
465
519
453
910
905
684
475
593
544
984
100
245
392
80
35
136
660
398
398
243
850
883
185
308
204
919
270
875
537
259
283
640
561
302
498
833
492
992
661
117
409
289
896
130
57
625
655
494
450
267
709
63
164
474
373
669
677
241
75
707
300
207
988
919
315
474
552
240
337
407
552
590
890
50
475
982
158
663
839
928
680
931
529
177
367
440
587
244
617
778
606
520
538
201
495
447
904
787
370
641
721
44
729
586
78
407
606
234
589
445
32
171
110
235
957
432
123
298
306
181
911
583
920
263
858
417
924
657
325
165
325
624
707
743
80
394
185
758
646
297
701
781
726
196
423
790
543
955
886
199
334
992
510
228
463
323
697
37
826
881
826
905
117
627
71
336
692
802
615
242
78
360
293
329
704
655
196
253
624
314
512
443
61
166
479
327
228
589
973
492
667
572
859
49
18
737
838
77
681
597
152
575
452
332
303
82
855
967
701
372
866
204
53
108
224
190
561
104
948
785
529
992
171
598
125
21
53
32
997
626
130
49
905
938
104
324
709
550
969
789
874
487
70
435
156
594
695
444
656
646
988
119
288
87
140
985
55
712
460
992
688
812
949
989
583
457
902
427
347
162
935
473
766
224
582
380
562
708
582
503
498
151
764
952
954
476
972
31
402
263
814
863
266
209
391
180
518
298
675
260
997
605
378
62
697
209
221
396
10
678
64
78
3
541
164
761
198
39
815
766
76
83
454
606
685
566
293
51
10
112
361
381
583
204
536
928
973
578
634
181
560
636
467
492
135
646
35
94
501
874
9
417
335
165
157
106
21
515
579
278
909
526
691
681
305
184
33
839
360
587
737
711
63
804
330
164
780
1000
133
572
429
362
375
332
845
821
366
152
398
443
792
922
962
667
797
832
13
429
343
872
12
727
636
484
465
717
410
598
696
16
868
662
491
122
368
705
153
393
95
249
569
353
617
14
144
235
436
594
29
570
1000
433
842
662
765
773
871
997
558
984
658
687
572
21
521
223
772
188
911
896
366
283
498
953
883
801
52
969
347
997
932
170
689
789
90
276
611
228
274
573
457
622
353
16
372
340
612
600
419
879
64
958
501
857
795
81
447
761
416
361
781
411
473
336
75
886
336
9
899
343
869
811
670
147
784
399
665
305
563
422
210
201
890
144
64
790
180
437
854
747
57
435
31
22
976
599
863
489
748
796
172
834
565
359
914
789
399
740
873
623
347
645
93
270
648
627
390
297
71
748
241
378
261
200
143
17
641
508
412
551
241
850
162
252
491
569
420
550
738
330
730
891
81
947
967
602
189
7
186
878
687
658
331
164
509
874
986
588
907
26
400
462
59
235
932
844
979
949
487
426
249
142
250
418
744
82
655
368
54
262
66
204
762
849
687
659
612
468
924
231
852
696
901
797
120
843
890
770
337
809
773
961
106
300
137
726
548
456
971
717
121
882
26
709
15
323
860
248
283
839
259
189
323
269
280
82
383
901
859
654
646
818
110
494
887
20
734
189
949
685
461
437
250
810
567
150
995
17
962
663
289
686
612
591
493
8
462
578
849
19
914
304
714
994
833
915
885
476
791
624
805
766
869
295
153
740
524
825
116
485
899
791
185
339
160
763
179
497
859
708
80
650
427
164
407
488
418
149
877
17
93
907
590
317
707
807
176
453
34
678
499
41
238
314
839
320
515
211
957
689
885
458
233
285
120
671
945
530
446
740
85
724
917
673
819
834
586
325
731
152
829
754
277
940
378
72
843
622
36
738
279
905
464
421
131
681
539
651
817
642
410
928
851
95
904
351
817
9
385
42
171
48
460
493
867
275
305
235
25
871
423
116
305
332
374
649
48
729
730
78
597
345
447
164
151
56
142
707
146
836
901
751
731
202
305
26
26
722
943
809
726
309
634
904
620
831
729
797
228
450
248
398
411
874
742
995
260
629
126
285
522
952
750
426
420
54
955
94
414
73
522
223
929
404
224
806
429
462
950
50
667
298
883
42
165
707
94
426
108
792
62
555
45
940
27
86
173
632
275
540
544
321
222
804
364
796
615
52
484
760
501
145
794
899
313
314
436
290
639
613
953
467
959
526
189
172
801
634
55
815
259
352
868
563
298
467
286
146
806
569
44
932
440
163
880
742
726
223
655
618
500
662
520
725
521
110
794
177
654
482
532
558
776
895
837
44
971
393
601
822
788
663
511
164
490
417
307
174
691
819
898
390
648
415
677
627
891
155
886
128
676
403
656
855
430
717
944
766
896
467
192
655
643
512
353
734
503
285
279
380
796
250
40
681
305
659
634
264
422
180
491
368
63
68
33
592
157
929
961
808
183
602
53
859
314
144
825
74
498
228
750
322
70
597
984
1000
20
2
333
565
40
439
671
278
148
948
640
108
265
406
871
588
918
261
560
32
658
709
511
87
25
925
194
523
505
514
75
4
202
764
392
909
519
484
175
868
203
808
74
258
689
558
192
12
627
89
156
11
549
746
886
66
77
864
691
56
709
242
889
647
123
36
83
81
113
756
460
172
335
679
290
799
226
507
857
981
94
846
577
314
590
67
548
37
44
985
692
147
60
107
314
743
125
981
727
974
850
32
64
222
258
486
323
968
371
203
453
106
189
871
363
463
564
63
738
587
512
184
914
534
720
314
889
503
491
881
627
485
174
45
220
374
755
314
72
488
492
995
800
846
822
576
134
289
545
505
486
758
183
105
360
901
444
300
670
105
324
708
742
252
244
228
39
885
120
389
792
385
480
421
795
477
737
895
457
639
230
764
264
57
167
192
614
525
516
555
567
119
906
806
640
326
405
304
574
289
232
259
329
789
278
142
490
33
898
408
226
425
46
4
638
74
670
754
922
419
920
906
243
852
906
647
16
501
222
720
135
893
260
636
2
249
783
74
291
542
798
255
845
505
877
605
500
891
699
28
899
899
955
771
315
674
966
581
650
453
473
456
957
20
70
588
199
520
472
859
913
192
817
449
589
38
703
451
632
218
958
793
954
143
129
331
681
156
952
368
877
398
20
320
27
983
397
387
337
971
477
811
971
561
417
575
923
471
710
877
619
937
701
962
142
73
891
556
400
109
707
257
908
325
130
57
232
757
72
358
735
577
299
702
189
235
277
817
517
146
123
23
576
976
220
489
255
90
970
709
457
526
291
191
633
923
349
631
152
944
720
268
209
612
445
247
824
196
560
665
367
276
304
309
990
863
495
101
435
503
588
954
897
827
583
34
561
409
920
62
557
979
291
96
372
967
489
435
824
87
601
758
872
962
653
739
985
779
722
565
148
722
549
754
335
574
224
459
180
803
81
643
680
760
882
541
248
305
7
967
342
17
646
23
697
829
954
831
844
89
810
307
895
602
868
332
328
988
563
674
919
971
612
871
795
899
870
331
993
475
149
938
973
398
548
309
883
519
829
786
229
83
869
830
247
766
662
417
627
868
94
433
409
186
279
120
66
188
26
995
124
440
154
581
104
898
523
300
221
31
337
51
631
593
72
587
155
550
87
528
634
89
581
286
497
123
569
488
998
49
677
151
823
786
136
838
20
651
851
28
934
338
18
917
186
304
80
724
372
847
115
104
69
355
697
746
877
36
498
685
542
81
157
819
662
421
207
228
789
878
461
421
205
276
945
965
613
440
204
886
914
6
49
774
921
861
951
707
949
481
672
695
576
134
79
449
970
554
572
219
304
643
254
476
852
827
17
343
746
527
716
292
185
424
22
683
894
285
746
599
508
634
685
993
922
929
453
612
530
823
772
659
414
920
529
862
982
89
485
134
431
5
903
645
341
426
770
32
132
531
890
366
299
718
585
60
517
404
223
984
954
139
454
712
255
738
243
60
54
733
829
694
57
674
975
955
582
548
335
232
333
831
886
706
478
745
106
947
85
75
393
100
844
877
986
585
28
811
448
668
918
306
802
488
520
749
15
519
848
717
494
616
882
280
125
400
513
192
818
963
896
881
859
866
114
891
684
947
776
722
534
634
848
162
292
797
671
269
49
981
984
628
611
516
608
140
673
283
391
418
406
531
53
392
471
129
632
421
841
565
394
258
822
949
981
660
692
14
349
241
47
201
257
845
808
809
435
106
98
546
108
197
624
500
86
547
660
427
287
298
560
445
175
992
121
406
443
910
930
131
334
168
558
536
135
663
827
285
46
932
712
500
119
995
323
474
679
916
83
269
489
459
942
736
157
359
990
533
719
621
1
748
426
124
744
64
575
789
359
201
346
810
989
495
55
275
251
939
207
382
118
211
603
274
38
727
455
987
720
553
723
373
65
214
428
727
681
211
789
702
992
32
325
678
463
681
643
138
828
302
529
782
904
444
194
228
260
177
433
932
978
714
820
370
116
730
88
228
177
39
725
65
657
871
352
642
595
121
332
407
443
103
470
49
499
906
493
867
987
997
852
951
714
971
822
383
178
662
336
896
87
10
918
476
991
42
461
342
716
625
727
372
194
306
216
728
699
912
180
694
893
438
43
65
440
717
365
77
954
670
509
848
540
741
216
259
61
767
124
681
138
45
507
452
582
885
904
874
956
327
685
176
3
527
233
87
172
814
631
377
239
437
104
657
679
128
397
519
920
308
974
973
465
74
612
943
849
905
156
296
559
424
873
90
803
144
145
371
494
165
500
316
904
893
230
850
365
458
605
215
928
142
599
471
875
898
493
34
381
852
872
141
715
956
132
697
955
836
970
257
637
73
691
385
755
137
810
510
389
971
545
472
685
126
992
977
793
438
347
808
696
610
779
694
181
655
975
473
538
438
474
768
473
914
981
907
303
599
290
339
469
75
181
424
934
332
25
590
919
820
595
853
368
869
646
475
131
126
463
954
525
899
111
627
897
235
297
987
205
197
765
714
328
481
219
669
128
154
247
563
266
872
170
751
972
499
86
765
496
557
420
618
282
131
903
353
801
700
460
856
633
812
785
14
906
817
409
496
867
850
650
202
457
865
818
570
408
637
723
17
973
934
871
94
753
830
609
146
739
65
827
213
63
734
837
755
669
566
670
431
301
495
684
576
37
555
354
953
426
674
617
424
550
918
777
578
531
638
340
988
344
524
483
206
148
365
320
875
870
891
687
84
482
521
986
539
66
107
159
552
689
168
389
552
251
301
12
160
722
267
753
157
837
600
506
249
269
337
268
623
912
786
702
674
349
33
20
770
103
73
550
235
384
715
751
152
770
951
796
211
627
484
95
740
699
316
369
961
35
496
70
361
725
815
963
309
372
193
267
617
999
130
141
642
388
13
597
45
62
412
524
713
592
938
783
321
579
819
12
933
5
781
637
343
699
985
769
830
68
777
12
751
637
128
366
457
360
447
44
186
961
295
396
233
45
531
31
536
949
175
324
614
973
751
510
822
568
444
431
386
797
434
431
715
930
146
792
840
17
548
471
472
373
772
514
534
972
605
670
476
435
391
82
963
560
579
819
648
44
366
734
319
266
807
310
948
661
972
812
17
113
154
743
203
234
649
480
607
434
807
157
662
883
573
750
559
125
749
908
431
972
533
604
130
713
756
466
668
934
708
156
282
905
150
876
272
354
885
624
115
636
315
103
822
971
869
354
762
645
472
123
117
447
430
983
764
210
859
244
853
627
924
562
698
529
284
159
44
798
458
183
513
897
126
272
32
73
738
62
926
533
689
497
118
930
819
149
363
838
805
356
4
831
993
101
586
611
767
767
697
584
305
954
582
370
370
125
194
558
715
789
777
207
844
847
187
220
56
899
591
362
316
423
499
542
149
113
481
260
703
90
144
932
301
706
264
741
538
985
480
46
130
966
692
889
310
782
298
293
473
422
524
55
167
812
793
679
540
137
418
200
452
664
534
587
438
202
979
93
848
32
583
108
456
581
33
477
747
188
835
550
897
233
509
507
207
753
965
644
376
151
423
485
662
311
488
293
279
6
27
579
521
179
214
117
724
692
937
902
321
516
703
579
175
980
250
688
162
828
127
511
370
904
714
499
622
322
527
689
376
175
245
563
920
697
507
402
43
237
981
277
206
779
49
390
261
887
764
522
316
322
420
691
280
863
866
430
435
836
210
779
516
513
930
471
979
939
379
455
412
350
108
80
422
717
476
325
541
347
313
449
353
745
415
818
811
255
607
576
319
156
347
592
450
883
273
971
446
372
574
482
245
937
616
37
798
435
38
189
636
590
163
564
620
172
842
54
908
273
759
336
12
765
364
60
309
411
340
165
168
435
674
437
429
986
134
884
89
433
292
183
401
400
68
639
430
554
491
234
951
208
700
22
989
246
989
404
83
5
942
39
484
601
20
688
577
78
721
96
428
659
15
974
979
630
558
904
732
847
189
501
937
85
14
676
990
31
727
880
843
578
623
112
403
379
249
76
635
636
610
342
384
267
437
621
960
900
199
961
793
297
732
723
311
192
656
820
676
774
522
820
374
153
85
106
280
181
402
100
162
826
953
774
886
655
496
48
222
192
614
438
882
839
589
866
914
761
881
459
835
861
996
53
860
875
495
209
341
733
660
381
789
985
497
276
107
58
683
733
621
418
606
249
312
832
589
99
130
845
208
791
12
254
255
152
951
692
13
170
576
106
453
485
687
660
559
503
575
301
922
213
711
302
18
172
923
131
970
455
863
558
988
111
729
281
288
5
151
442
940
860
116
408
897
629
992
928
981
936
646
59
230
767
455
501
158
926
606
679
851
825
623
300
243
328
758
131
497
900
164
223
176
276
700
935
32
275
284
380
826
555
346
811
950
779
931
86
442
24
891
732
645
446
780
184
907
44
767
565
299
263
169
277
145
279
524
16
572
163
448
579
477
986
351
743
988
633
710
160
140
45
833
87
273
361
420
665
576
269
479
486
659
440
508
425
704
145
59
484
379
758
164
25
617
529
615
716
781
832
194
263
993
548
717
188
474
967
296
966
404
357
886
975
630
931
327
738
640
31
734
102
150
315
973
4
870
551
957
828
510
922
130
151
532
870
840
788
387
498
910
746
191
17
498
823
592
430
280
39
975
208
958
584
717
967
47
515
562
539
898
78
624
908
292
941
703
907
697
866
246
929
558
457
12
882
248
710
981
17
579
923
974
691
238
993
522
393
902
402
385
397
65
766
145
696
35
118
793
200
593
710
454
542
913
350
986
433
864
889
33
816
294
869
28
33
456
156
599
743
625
132
169
118
584
303
858
976
613
661
456
41
68
267
14
950
351
223
910
310
612
905
47
957
856
1000
722
598
104
335
611
113
25
505
552
181
723
188
199
633
377
676
56
516
31
880
944
836
783
83
347
158
393
830
42
189
419
922
442
325
285
474
125
520
802
196
319
778
583
947
489
247
721
108
533
181
532
702
269
942
381
377
469
81
41
66
144
247
974
882
753
507
123
188
413
704
951
594
682
729
184
896
383
136
887
669
716
509
465
810
332
653
911
219
98
968
554
424
866
94
298
747
282
299
75
900
215
765
504
860
990
698
300
390
491
900
209
52
640
844
816
149
475
670
235
352
613
413
167
936
236
600
527
846
880
813
917
714
676
378
62
626
580
363
111
30
179
294
561
269
666
660
696
162
516
750
842
936
56
972
371
935
205
425
461
632
592
468
666
615
734
457
888
69
542
852
895
595
183
316
763
54
343
282
908
396
74
416
110
560
234
351
859
62
420
705
926
37
346
124
258
956
623
250
439
750
796
159
814
180
519
482
76
806
652
189
826
514
39
280
959
130
100
622
910
133
642
202
918
702
454
852
300
937
350
579
909
323
44
696
677
609
556
151
307
439
1
556
28
747
730
315
135
339
637
337
196
855
98
494
139
951
246
879
444
77
331
452
918
825
416
404
923
813
895
115
662
314
61
775
75
257
894
331
7
736
343
524
439
717
126
540
986
567
991
852
460
55
986
992
634
23
60
419
225
910
946
18
543
425
369
265
147
875
67
37
694
453
586
778
358
887
876
53
557
509
892
522
394
90
105
22
917
270
600
722
937
619
875
892
554
56
752
605
540
664
86
836
544
197
761
563
204
104
438
245
696
231
463
981
28
102
547
231
395
789
519
885
188
749
910
385
357
242
701
774
554
349
742
53
568
903
256
668
946
193
367
991
374
744
608
875
445
697
529
605
474
971
586
617
216
570
29
343
707
719
959
717
107
276
972
948
893
183
328
12
560
722
206
620
863
130
815
427
540
78
128
41
410
643
382
504
97
195
715
837
697
446
343
53
261
10
143
41
942
144
63
269
26
675
831
879
971
899
132
2
210
257
12
401
116
33
847
189
542
953
707
133
679
254
819
261
101
336
216
150
353
846
408
668
957
471
309
876
296
173
529
663
923
223
695
631
84
530
811
731
287
285
565
841
502
225
113
967
308
594
87
930
985
241
603
49
817
901
714
207
71
59
210
103
505
412
558
717
107
578
562
601
27
834
248
132
184
237
240
11
761
409
10
307
135
336
337
331
794
326
831
271
568
860
619
975
495
685
163
238
92
800
765
152
595
241
817
319
818
440
57
995
715
144
203
876
269
596
286
800
688
836
722
135
210
644
703
794
902
147
693
884
439
251
454
439
558
532
26
801
617
242
396
808
555
686
540
888
391
697
879
646
91
194
757
704
723
810
810
286
895
921
67
507
761
299
433
532
254
66
16
324
286
997
469
14
217
516
254
112
559
204
150
79
184
430
298
195
133
22
771
353
672
808
769
43
422
385
833
182
373
937
740
186
953
605
119
181
964
469
781
488
651
396
655
544
176
968
950
900
887
791
905
523
89
395
324
915
582
822
997
790
762
413
776
585
640
544
98
499
644
722
418
985
28
618
225
226
573
275
860
746
401
24
844
175
335
560
925
869
959
16
866
875
223
205
561
964
182
158
743
627
268
678
612
144
799
796
488
838
581
96
11
155
902
982
506
17
895
646
139
295
236
527
261
343
994
685
752
700
275
276
914
442
997
106
922
64
169
875
398
425
861
881
378
64
889
403
552
282
155
363
906
204
603
833
641
86
641
810
912
157
615
771
233
519
429
723
491
694
545
464
799
66
882
959
433
899
855
147
139
739
838
38
873
257
554
914
52
377
921
996
686
61
288
504
83
199
3
108
18
900
450
173
980
66
589
17
206
996
739
8
869
745
170
744
316
538
384
468
910
968
13
303
522
374
50
920
657
231
136
79
733
303
264
587
933
658
55
121
107
803
229
560
849
561
799
596
4
14
957
334
19
945
8
839
994
187
984
601
949
962
895
398
993
868
130
72
322
168
302
872
21
729
431
571
211
856
933
946
92
468
957
743
88
391
603
246
756
285
552
873
435
141
221
29
836
746
714
858
491
524
480
693
61
962
538
476
263
697
215
564
219
276
66
61
988
857
255
161
999
670
734
591
448
343
444
146
588
351
2
658
425
954
673
514
956
553
561
588
445
175
234
625
646
394
840
640
612
602
246
672
49
524
56
374
432
530
403
398
639
377
596
734
232
988
56
764
364
449
436
885
754
862
785
333
267
142
515
225
366
517
779
682
425
785
937
680
751
808
940
266
658
11
177
593
686
716
565
272
254
788
236
383
455
873
549
212
25
105
321
881
805
115
882
360
141
532
966
688
422
654
278
858
357
477
548
807
148
788
971
730
738
923
369
748
960
214
908
621
39
295
321
430
962
129
561
899
157
415
909
25
201
917
477
830
69
457
807
371
721
300
896
280
63
768
881
833
4
261
729
423
928
180
522
177
559
126
548
675
10
881
861
281
241
619
281
766
757
953
872
807
570
396
566
818
679
205
521
103
933
373
258
89
354
538
466
643
625
781
756
29
26
30
208
673
883
961
286
299
488
987
955
409
866
721
544
251
882
64
446
220
776
834
365
762
450
602
750
369
49
879
53
650
100
645
252
440
777
738
595
917
27
870
800
567
945
865
992
19
595
414
14
5
307
776
581
949
591
533
27
9
981
692
854
580
685
33
921
990
685
596
673
592
907
313
375
699
778
172
813
705
716
545
339
138
86
739
666
267
345
12
646
719
47
205
102
196
184
86
607
48
879
667
92
586
949
654
847
958
556
671
9
97
293
673
489
165
759
429
236
606
125
918
393
81
584
245
588
736
98
848
496
703
148
964
668
287
880
150
214
348
239
494
872
743
633
239
814
78
775
659
512
638
686
78
376
86
490
297
110
738
934
653
638
824
475
512
998
678
485
71
317
198
324
119
883
352
701
562
538
619
941
604
875
639
480
344
346
886
806
427
677
237
699
932
895
75
948
675
191
825
747
651
519
341
423
938
44
371
415
414
340
520
54
277
292
622
379
751
862
12
646
635
371
284
127
443
121
349
298
626
732
642
432
189
759
722
96
963
584
887
760
106
462
447
185
747
84
691
695
360
204
250
667
158
843
155
697
365
461
984
811
581
263
708
464
6
926
837
610
160
813
787
665
629
940
224
831
60
59
237
463
797
292
113
478
828
517
604
206
698
805
387
760
773
644
30
353
388
493
145
502
87
148
796
443
748
803
851
534
628
354
747
240
150
740
202
296
144
357
347
404
474
936
687
631
384
528
292
506
515
163
346
336
893
140
901
725
139
222
596
976
288
656
957
934
83
184
919
565
848
981
744
740
403
322
536
990
68
170
202
117
901
12
121
568
940
175
758
797
751
430
471
979
786
529
316
748
578
311
437
804
403
263
556
366
852
356
866
945
927
207
87
611
840
50
692
457
301
89
992
577
307
905
95
81
816
462
462
765
336
423
927
958
473
467
460
101
66
631
564
788
711
471
342
422
128
34
107
529
469
771
921
509
438
208
539
149
562
299
222
416
423
701
272
217
656
715
496
739
63
764
18
826
171
315
949
878
925
24
69
724
26
480
868
648
236
665
762
725
186
37
732
891
690
435
839
701
400
100
899
529
42
312
500
771
958
918
389
91
555
242
715
191
382
63
65
418
258
753
376
37
346
827
551
937
134
978
5
836
996
625
857
808
62
625
69
236
513
881
718
614
494
382
700
740
477
109
989
730
362
717
893
347
848
19
805
73
343
622
55
415
401
305
211
468
858
640
430
939
160
627
224
322
700
23
865
897
354
657
910
590
483
273
220
566
342
249
633
837
587
255
335
907
914
571
291
61
858
430
528
277
653
280
748
475
565
993
293
890
355
107
779
236
86
333
468
449
288
337
130
639
997
857
484
902
997
191
229
593
183
720
639
210
772
922
241
369
492
882
60
91
295
78
467
787
581
544
714
180
947
249
125
673
47
79
667
180
236
197
1
503
745
985
995
206
870
755
617
533
616
632
897
931
369
329
611
46
995
37
318
451
523
459
205
290
994
764
137
248
347
70
198
385
462
358
698
368
168
516
910
922
701
188
57
292
932
687
737
175
153
681
945
579
342
570
232
136
438
107
843
197
540
327
741
517
426
640
871
916
304
520
902
488
754
141
767
46
684
340
194
219
90
267
162
947
922
479
187
14
178
797
710
189
814
570
226
563
616
334
552
777
196
874
909
565
152
209
115
668
494
356
683
516
778
390
900
417
167
263
825
109
484
890
626
829
966
535
748
815
29
712
908
161
200
454
873
136
321
147
631
422
41
737
903
592
918
442
253
934
562
568
270
27
490
914
894
411
714
842
427
489
771
57
642
969
481
55
900
478
235
173
449
56
675
953
654
1
877
234
831
640
640
895
175
363
111
964
156
879
692
200
883
719
662
181
67
353
787
67
719
23
602
285
95
349
921
802
923
881
995
15
399
639
218
859
784
91
657
876
532
789
749
38
787
90
829
938
44
426
172
974
632
444
996
269
153
241
516
499
713
107
486
159
964
213
28
918
907
730
181
655
667
574
67
902
84
794
307
616
835
525
857
671
30
232
2
286
58
22
974
295
610
892
893
3
178
64
36
439
180
890
514
445
543
402
331
205
945
416
312
334
649
435
113
805
862
709
877
689
641
270
871
132
872
754
828
482
223
238
521
163
494
125
255
700
869
234
986
283
627
404
206
237
135
651
433
275
156
973
586
416
939
75
722
576
192
151
619
558
533
267
902
933
575
82
643
142
870
374
489
296
114
241
675
231
393
937
144
871
76
94
802
423
802
835
789
425
211
395
239
472
36
427
40
765
546
619
939
325
330
951
169
330
114
326
212
39
251
218
210
470
878
273
790
678
812
565
879
8
18
552
342
750
863
18
253
232
696
185
777
168
624
929
82
415
584
183
644
690
245
671
413
932
630
459
895
803
628
989
706
451
61
991
222
708
406
429
840
263
100
954
704
288
801
252
964
941
181
155
370
475
897
543
189
677
550
186
931
908
76
216
840
319
882
307
104
223
352
785
338
383
442
810
328
771
424
475
492
675
581
62
786
318
692
307
692
734
364
247
215
332
114
224
208
746
437
708
291
832
663
649
439
571
239
618
572
609
445
41
835
264
275
811
777
284
426
560
756
50
560
678
763
213
641
19
399
396
743
990
599
923
663
557
658
935
60
69
499
837
661
80
300
540
243
589
819
723
625
957
108
327
340
954
211
354
482
895
273
833
715
100
905
344
760
198
942
716
280
885
84
610
992
431
528
356
616
924
618
983
146
40
301
345
569
182
468
962
213
919
350
768
513
548
827
561
882
526
471
557
358
188
537
709
788
723
73
188
723
66
479
457
817
599
356
742
242
116
895
128
103
762
743
590
223
883
449
723
496
46
877
41
284
857
62
614
170
518
306
623
990
455
625
851
89
777
748
234
723
818
444
899
567
685
655
600
217
610
872
287
27
656
254
299
762
413
869
582
688
676
135
822
67
463
739
200
342
375
485
277
168
994
270
571
113
52
186
236
626
267
668
233
38
63
706
264
291
206
241
681
369
283
726
607
980
741
963
16
711
670
867
631
243
884
907
228
339
602
883
104
765
246
729
393
26
718
94
816
529
644
954
891
38
382
254
901
202
370
9
597
19
877
129
606
21
364
835
398
63
291
853
231
285
344
772
1000
149
737
386
324
50
438
882
590
242
244
989
378
525
923
774
377
396
381
606
247
160
821
969
509
175
843
129
669
365
899
400
557
550
766
274
86
392
840
744
777
172
947
893
47
640
178
174
573
914
55
935
392
136
307
204
769
977
53
698
900
129
905
335
534
989
281
203
957
965
644
541
18
830
403
198
421
448
874
384
898
285
797
917
983
757
366
215
575
10
877
208
936
763
799
478
842
180
42
623
144
348
54
131
788
949
987
578
803
338
716
881
424
160
430
632
336
735
289
80
528
186
92
296
487
451
935
233
226
428
449
165
479
269
102
517
162
744
783
441
70
408
62
504
382
476
391
238
200
253
294
680
151
136
518
574
552
148
481
17
619
40
821
222
593
862
832
146
551
193
834
455
912
781
911
161
238
251
763
579
628
713
145
561
237
542
979
821
963
265
28
981
999
266
888
801
149
352
429
912
928
193
649
240
991
831
76
67
203
624
490
680
686
169
46
312
788
666
955
286
524
479
600
987
255
162
24
557
390
515
297
362
815
330
365
116
484
313
466
705
798
28
89
953
299
15
641
620
88
687
968
59
529
309
544
318
159
248
736
838
719
802
271
413
768
26
389
772
286
895
715
220
69
657
391
617
572
67
608
251
70
918
30
44
433
838
71
510
20
345
437
764
832
838
515
758
775
902
1
583
830
441
49
761
172
176
587
121
782
63
77
341
310
235
766
453
563
618
243
98
342
571
953
960
762
215
310
72
14
519
445
668
320
198
988
250
641
7
241
165
960
979
510
771
762
168
580
664
666
387
642
865
429
348
928
439
42
476
748
269
893
415
239
925
766
91
1
122
837
409
220
179
889
274
794
520
435
706
990
462
953
765
753
583
887
204
293
246
274
157
294
614
928
37
294
865
576
529
339
108
910
926
114
788
157
366
971
596
922
410
823
800
60
255
365
982
68
556
334
550
868
865
70
361
864
663
289
196
689
343
821
955
557
145
772
159
307
901
340
943
304
990
159
495
675
515
932
415
422
464
165
460
766
175
509
692
450
97
559
245
909
744
671
5
131
951
84
428
253
635
200
285
486
651
650
469
986
188
561
922
868
92
106
217
317
497
218
340
499
774
194
398
968
874
805
592
765
805
619
193
446
931
973
326
73
543
95
118
798
995
540
68
123
640
443
197
178
167
895
373
919
738
972
257
791
753
893
68
899
873
284
265
406
402
360
758
1
973
806
86
47
615
342
451
414
210
424
907
308
172
81
805
5
584
363
471
961
372
594
226
816
913
97
908
248
917
770
622
542
911
55
320
411
381
561
124
937
328
209
953
232
663
868
553
341
898
332
207
961
476
871
544
552
852
612
142
107
563
473
292
726
460
670
502
779
272
144
513
400
299
954
63
469
402
441
862
305
64
637
318
135
470
946
112
103
817
60
759
271
386
80
561
457
406
399
574
370
594
433
957
845
940
750
204
215
191
578
826
13
193
635
307
734
801
265
551
666
52
691
130
331
693
94
53
198
54
421
535
584
209
878
89
332
356
240
793
51
312
115
658
946
861
622
518
145
581
733
642
744
916
879
672
52
449
920
538
313
846
297
578
225
547
936
511
846
25
460
956
894
169
987
425
579
713
115
200
814
490
515
237
959
894
631
344
704
187
595
377
365
772
704
563
620
346
72
894
306
776
904
769
570
462
778
428
914
529
50
969
258
928
259
123
79
120
843
133
270
415
422
611
586
706
681
69
649
43
273
736
681
7
907
952
55
888
213
948
154
255
705
778
608
273
815
159
55
174
569
643
846
700
955
975
609
416
184
84
120
17
884
866
373
745
542
837
949
29
852
320
717
654
166
270
846
506
687
394
165
258
343
679
644
982
253
166
726
510
792
129
299
957
543
622
728
201
446
928
310
328
958
318
321
257
705
245
617
760
601
185
521
911
376
62
283
49
7
642
210
837
169
584
363
517
239
439
814
347
525
10
77
135
812
844
466
385
601
84
757
440
426
346
305
102
843
85
615
625
264
410
734
315
155
892
647
219
737
56
623
969
355
275
519
355
103
544
922
574
140
980
771
234
736
926
430
96
516
322
377
238
436
112
41
55
238
664
819
157
736
363
629
758
269
878
627
803
903
46
341
344
155
528
888
692
558
31
719
363
870
190
54
953
43
463
56
71
380
355
848
804
599
596
96
237
696
563
353
186
164
109
124
298
875
981
104
283
368
896
487
918
184
488
567
519
334
416
515
814
584
929
551
746
144
957
133
976
705
980
117
279
216
606
670
218
250
242
486
431
623
479
574
808
942
253
358
364
408
922
801
404
197
561
783
829
76
504
711
740
89
702
572
996
603
592
531
308
219
773
125
776
868
205
766
801
9
699
835
320
309
758
187
437
91
368
547
502
296
138
297
626
198
688
334
191
278
273
837
178
603
78
844
453
452
710
238
16
194
546
512
733
645
704
109
147
105
510
121
658
460
384
724
368
359
967
660
442
274
485
875
456
792
121
169
800
558
869
457
839
108
622
148
913
183
727
234
930
314
221
800
686
976
790
190
394
765
984
181
905
137
277
980
602
226
446
236
612
867
275
478
85
781
181
841
644
290
996
594
872
425
421
223
477
387
750
295
802
241
352
409
714
348
959
649
411
360
296
972
53
190
101
98
404
2
984
323
239
580
932
510
786
280
916
270
512
236
640
18
398
317
351
798
850
497
49
975
498
513
690
868
215
986
96
884
73
544
197
777
510
325
494
89
203
637
274
924
723
155
591
402
241
498
529
38
623
830
417
55
210
518
273
530
203
207
214
894
136
169
248
712
88
95
996
987
177
313
312
877
845
838
838
274
381
352
631
272
261
869
906
694
363
819
949
824
11
872
587
466
135
4
250
341
383
809
283
794
781
868
65
985
912
348
859
189
425
91
910
603
864
197
33
37
904
393
956
693
787
678
853
596
651
801
961
861
883
634
876
634
423
874
351
811
978
740
224
918
960
942
45
517
77
316
202
25
811
194
845
807
980
408
65
715
242
901
944
157
310
134
698
590
856
118
884
670
313
276
828
218
598
699
770
787
962
506
151
297
966
848
35
839
159
211
371
134
613
337
166
758
401
576
314
314
466
206
599
15
38
61
769
37
453
813
625
462
436
487
181
391
942
244
155
198
127
99
622
219
688
91
747
835
512
867
844
829
555
704
163
345
199
873
236
206
730
181
832
917
577
559
738
946
99
785
437
484
66
92
367
443
981
431
423
631
73
429
893
586
479
886
909
240
206
919
975
327
123
304
746
78
