736
679
187
198
493
869
523
806
717
319
841
821
592
525
910
281
912
792
53
106
31
691
56
306
1000
275
385
50
380
174
223
834
664
759
322
41
575
305
536
924
963
563
984
507
85
177
150
744
942
481
950
776
732
403
454
145
990
210
915
317
4
3
798
96
634
846
398
772
890
211
238
348
965
114
736
321
770
746
328
287
311
362
322
334
556
97
869
958
922
689
57
236
542
683
916
989
758
431
957
637
747
134
133
508
716
745
576
649
740
570
840
391
424
109
44
883
886
45
582
358
735
757
797
679
623
918
848
815
634
995
231
939
250
902
631
423
615
755
975
400
819
648
779
403
884
375
186
852
841
489
482
866
262
677
121
605
92
125
286
396
548
310
23
281
799
132
335
899
117
338
167
409
327
49
789
99
323
965
240
596
752
763
787
932
29
132
926
28
38
318
758
296
68
547
532
267
86
980
287
104
677
534
953
164
410
875
763
593
853
167
865
776
470
576
876
611
534
852
75
318
721
106
204
824
580
30
469
414
307
320
424
764
249
465
514
902
530
92
854
62
353
921
22
395
818
966
557
418
238
968
901
854
449
77
135
949
18
208
631
10
382
2
300
462
817
429
392
164
195
643
608
509
368
105
817
679
147
401
327
684
277
913
909
84
800
997
763
135
980
50
942
724
721
63
787
714
957
954
94
683
760
484
928
554
47
359
376
831
831
726
59
918
712
41
425
278
151
97
699
194
25
767
962
98
716
750
801
269
366
284
962
612
348
84
905
895
73
232
226
428
539
978
93
726
881
387
525
937
210
553
74
758
716
243
469
462
551
124
559
278
955
9
643
371
521
284
643
565
286
5
281
475
118
819
79
593
511
384
245
260
655
372
614
250
311
760
834
467
46
698
355
449
198
413
58
688
122
486
653
897
166
405
494
274
235
518
471
483
131
714
993
784
921
158
310
309
683
91
28
755
911
67
107
236
752
989
894
57
647
587
880
370
232
836
967
648
397
748
862
293
608
984
89
342
379
121
193
522
539
670
276
797
73
31
150
908
355
519
328
134
869
262
526
438
111
174
212
568
432
855
961
116
402
971
727
805
734
632
12
976
500
623
474
695
279
234
903
480
338
606
230
752
754
132
127
310
466
110
671
169
584
25
716
276
873
827
551
157
390
10
107
735
990
732
689
800
841
692
162
135
277
641
822
339
845
772
932
452
169
877
425
693
294
56
188
375
38
796
795
825
235
172
385
109
195
34
193
231
44
731
582
340
974
769
891
992
171
362
899
588
589
564
941
784
12
588
851
223
452
551
982
257
795
204
761
496
593
180
630
694
605
928
983
301
28
269
915
360
104
217
450
219
657
326
443
403
64
51
465
221
330
23
520
173
609
681
960
723
829
296
997
812
638
919
817
993
540
643
77
723
910
283
852
966
4
169
156
668
445
597
557
233
412
354
283
504
705
795
618
310
255
813
371
958
149
658
764
123
735
190
705
143
933
298
828
516
182
886
143
376
449
684
559
777
661
707
898
462
507
662
288
983
52
109
591
887
116
866
520
76
895
301
854
985
46
151
576
548
564
208
863
104
267
502
328
487
19
485
67
671
282
564
460
663
118
568
456
649
900
395
745
254
599
74
507
903
345
263
597
287
518
323
209
894
389
356
396
615
336
82
872
420
453
636
687
286
409
562
950
117
835
584
923
892
720
594
546
588
42
316
881
348
711
202
752
269
511
836
959
811
461
54
947
107
849
804
969
195
396
438
548
771
503
481
991
466
820
78
399
127
759
908
398
436
557
52
507
938
404
825
353
860
469
969
233
948
663
126
278
606
797
550
270
129
235
471
934
522
912
994
794
673
729
410
218
218
616
569
958
524
978
508
190
998
325
963
948
441
829
637
791
934
932
229
467
772
741
163
539
847
792
157
899
127
984
743
750
190
620
101
133
656
215
617
681
346
792
810
755
619
616
83
126
459
990
127
503
693
990
346
358
588
975
885
137
342
292
658
931
94
315
896
505
469
345
418
738
614
155
293
976
92
946
837
108
4
27
179
686
713
893
996
875
49
395
542
789
105
998
584
833
756
326
683
349
38
980
152
441
927
567
450
96
847
342
295
143
708
871
98
752
661
3
399
855
200
537
530
379
432
82
462
460
592
218
851
921
968
990
572
839
781
142
219
381
241
877
555
424
688
901
519
271
134
726
238
561
954
291
184
237
105
793
594
431
793
613
230
100
32
100
276
358
922
237
860
560
253
364
449
32
980
577
631
340
191
839
951
351
282
59
837
378
667
569
118
525
46
719
287
740
19
613
388
766
699
452
283
768
112
739
150
949
813
801
885
902
649
511
103
684
649
560
585
294
568
438
682
366
985
761
745
737
581
895
925
298
899
362
183
85
665
1
331
643
796
480
247
959
36
682
474
708
441
573
959
629
127
174
641
895
978
324
853
358
266
341
99
442
880
345
584
956
210
318
46
105
225
528
656
38
116
79
837
765
147
321
327
942
348
873
301
586
603
62
345
189
793
511
510
562
600
515
351
887
411
382
593
856
451
566
366
766
924
419
879
444
972
460
268
754
423
286
869
537
587
321
756
704
182
486
944
473
32
872
877
29
227
146
600
634
79
640
966
459
441
603
195
65
902
926
402
499
577
96
98
795
771
337
598
226
301
350
434
434
590
419
751
240
144
910
39
57
799
987
628
991
174
139
310
611
555
903
916
526
591
956
147
690
219
296
315
244
625
589
865
43
43
739
868
356
211
945
622
598
730
383
80
696
256
696
699
247
718
232
175
621
345
195
909
11
884
232
245
421
697
788
923
412
773
284
946
23
599
450
155
216
929
738
234
997
428
54
100
52
131
138
718
176
510
808
207
595
612
142
1000
356
817
680
955
765
942
326
34
280
52
246
672
84
217
175
750
209
556
253
110
290
370
220
633
817
654
732
120
90
219
307
555
267
393
792
478
635
415
640
870
415
808
333
642
245
680
129
168
838
794
179
758
563
263
354
244
856
83
976
559
42
576
352
324
229
715
969
424
34
982
192
35
107
259
646
479
255
640
989
135
843
412
988
302
915
383
249
262
541
789
161
824
497
903
548
789
179
730
56
414
933
586
555
931
137
416
403
79
420
747
249
615
343
538
698
72
274
826
164
958
959
181
982
160
137
786
289
927
547
468
933
11
820
896
74
798
148
616
364
401
269
478
622
571
958
23
816
885
937
929
186
370
864
99
811
56
524
192
320
968
847
668
896
610
591
203
644
432
130
504
709
489
189
132
989
969
901
105
418
289
877
841
266
579
699
675
568
305
302
146
380
883
651
588
40
434
635
918
493
962
163
874
957
896
658
409
215
590
891
553
318
157
373
415
530
487
646
658
995
168
421
263
367
705
765
947
681
626
987
253
57
780
98
936
834
413
688
444
662
683
136
990
478
255
321
509
972
952
930
322
320
144
670
495
820
70
467
108
88
457
626
124
263
974
719
608
128
420
716
306
97
235
578
646
483
34
68
938
776
59
328
602
54
599
923
803
249
222
943
417
603
822
318
337
589
520
412
107
884
444
53
205
858
383
619
482
945
351
180
682
889
277
704
653
39
186
392
999
197
721
455
792
556
399
780
791
656
42
724
577
825
417
170
561
244
809
144
135
817
153
503
753
609
203
31
73
759
138
83
6
809
289
368
583
494
932
555
321
411
286
626
724
407
309
906
500
344
148
32
368
995
487
187
130
887
974
453
817
912
579
984
393
117
104
924
282
227
547
441
808
445
711
606
63
757
157
915
709
907
703
502
111
854
237
591
980
560
724
950
204
793
799
856
649
611
131
76
665
883
62
305
143
593
747
855
742
978
262
899
586
844
878
239
695
925
968
700
304
451
3
376
333
690
299
980
125
31
63
41
416
416
699
458
668
229
592
373
2
357
434
745
731
698
4
318
866
751
17
446
8
286
701
302
127
813
488
985
175
922
698
849
89
513
798
220
401
815
825
515
371
891
465
673
105
707
49
401
338
915
872
989
68
138
575
158
188
190
658
482
344
463
55
263
417
688
458
715
318
567
490
186
746
602
208
806
346
284
471
124
143
309
240
191
648
520
479
697
448
555
677
285
794
374
177
434
89
833
146
837
32
842
292
357
138
593
397
621
792
750
751
682
716
174
749
398
422
202
63
871
394
939
830
987
342
805
802
680
509
892
224
225
84
916
400
164
110
780
24
568
72
979
251
851
161
149
98
845
659
109
351
912
432
630
508
913
181
297
269
785
571
442
806
995
407
634
698
781
327
894
241
926
964
813
756
122
582
761
220
683
512
227
288
113
831
443
282
308
773
542
800
890
702
29
446
164
892
840
934
365
481
309
787
627
854
68
155
158
963
853
506
517
798
17
704
853
467
841
654
884
217
505
623
205
493
610
904
221
549
875
643
321
959
876
641
84
802
655
92
494
739
351
19
89
680
496
409
494
375
579
176
925
65
175
854
537
341
582
883
336
360
548
77
248
173
95
912
931
971
474
130
666
678
568
400
342
855
423
152
383
142
100
696
113
37
169
588
501
846
653
598
701
234
35
128
478
849
641
814
563
731
801
297
634
589
770
699
781
746
672
658
204
86
296
709
313
774
948
787
398
819
675
975
23
859
645
238
5
753
575
785
832
425
208
227
992
801
429
996
754
172
61
147
559
213
289
434
413
427
640
412
460
128
194
776
585
891
245
683
554
950
620
11
248
671
937
66
597
102
678
852
984
631
791
777
318
931
154
566
934
805
425
883
200
544
170
831
857
160
290
924
498
391
931
568
518
794
36
753
400
379
724
265
337
754
115
826
57
540
316
21
724
394
861
933
611
95
475
82
842
938
440
980
824
484
489
818
83
520
335
686
207
561
727
844
140
247
527
75
366
351
232
990
168
479
4
566
719
939
762
204
552
956
418
617
813
353
696
220
226
532
850
825
544
584
775
803
514
853
413
835
901
789
59
657
432
843
931
730
153
413
252
306
37
378
569
243
464
666
965
495
782
443
981
259
433
805
672
28
396
508
838
275
394
294
815
537
674
311
313
505
607
860
3
467
320
793
126
609
526
775
166
680
446
909
916
858
114
463
549
217
114
450
422
106
210
10
777
166
283
26
994
312
110
60
819
160
370
656
670
767
477
70
541
276
242
94
248
210
875
728
643
281
371
973
147
783
207
267
759
516
573
151
607
340
907
369
345
360
872
613
331
6
940
337
181
571
43
766
417
42
772
438
952
948
953
773
115
799
523
460
968
359
604
692
500
270
760
404
434
346
505
30
622
932
790
830
99
130
451
693
288
445
112
407
640
204
424
255
377
975
998
345
796
808
561
692
869
400
912
247
310
582
525
828
91
863
829
541
487
384
447
641
339
308
265
705
579
183
32
392
67
708
370
903
303
529
13
234
958
647
118
557
1
761
400
812
600
187
602
620
724
49
895
933
360
949
253
302
388
413
77
543
614
500
605
611
195
223
883
339
282
861
76
314
22
33
919
790
478
903
511
270
407
787
60
856
599
576
424
133
590
622
318
941
675
660
360
561
434
582
740
500
820
849
133
698
991
481
73
64
540
951
10
386
207
739
758
481
571
540
748
791
360
970
699
79
483
456
151
848
754
413
753
758
238
632
439
73
109
936
94
810
877
393
659
540
547
990
781
798
562
934
786
417
191
1000
621
905
984
119
920
222
16
443
438
440
79
731
20
410
310
318
752
238
981
595
4
106
583
762
449
864
509
109
667
23
595
887
199
144
678
723
821
802
318
816
116
826
490
632
522
580
565
49
829
605
796
27
792
576
131
976
664
523
548
586
388
417
881
525
103
669
665
92
153
925
170
424
423
389
207
636
705
600
627
894
752
752
769
97
871
273
686
607
481
875
797
925
277
15
76
559
35
613
953
919
504
74
489
914
764
541
172
634
38
905
126
682
500
646
373
263
446
423
566
826
540
534
347
927
474
683
11
879
163
35
804
57
180
331
888
574
885
909
24
203
83
715
956
849
95
325
609
414
345
645
493
958
636
242
778
66
205
854
321
749
684
139
141
273
458
478
657
972
460
871
740
670
861
8
68
395
513
423
567
71
570
984
506
630
196
304
523
598
528
743
416
348
720
617
195
515
277
849
197
528
303
575
755
426
307
731
874
69
323
382
870
798
765
416
340
846
72
214
828
685
834
786
175
735
255
349
211
54
887
87
603
891
384
358
765
213
396
168
532
607
229
420
442
475
921
71
580
801
293
254
377
615
603
761
84
25
140
115
715
565
437
786
588
93
104
754
750
257
673
335
326
534
768
455
61
959
846
951
207
898
968
495
609
804
552
904
502
209
204
732
504
927
983
840
18
234
55
812
541
99
248
677
813
953
237
806
250
364
389
833
22
77
609
382
173
882
391
356
205
461
13
306
778
744
557
721
874
648
500
967
276
330
282
359
703
924
420
208
974
317
77
800
225
218
975
646
826
661
900
747
42
305
796
913
721
603
5
15
599
777
877
559
939
361
892
897
567
394
646
549
5
408
110
235
485
247
98
368
850
330
383
927
233
371
849
289
577
985
31
886
315
684
666
265
263
76
508
325
236
229
917
67
733
232
479
138
337
360
487
185
740
776
104
237
948
811
683
305
933
774
614
493
409
712
514
639
772
704
504
555
437
869
142
758
909
375
487
54
937
672
388
450
60
32
537
17
232
373
215
820
255
549
740
740
818
106
725
513
807
630
924
364
496
326
223
658
282
934
453
927
390
910
229
638
748
186
48
172
439
949
819
374
448
937
116
613
272
14
730
435
91
829
923
931
95
218
816
384
183
317
253
614
182
70
481
916
945
317
27
735
986
65
581
683
149
151
608
605
68
189
527
195
127
970
109
564
101
122
701
749
389
30
792
787
571
162
615
61
270
776
931
645
230
817
804
99
531
137
723
894
247
586
396
962
596
92
90
224
531
347
718
579
752
231
442
17
721
141
973
501
446
47
797
686
339
107
207
480
849
81
880
802
370
110
379
261
908
641
213
96
879
973
150
460
985
377
251
843
895
617
796
992
624
682
846
140
49
607
730
597
553
968
107
405
137
318
654
693
108
840
96
556
738
195
510
528
218
858
745
24
846
636
247
404
946
642
253
679
827
255
509
408
596
809
679
562
373
326
370
153
569
870
87
836
65
837
196
718
658
324
678
457
181
196
735
755
63
376
584
652
255
669
928
387
627
965
445
518
907
453
306
294
710
779
459
101
281
828
662
258
108
176
700
428
330
481
652
751
692
978
474
896
736
192
166
907
161
813
884
291
688
257
413
41
594
178
786
16
183
100
483
490
434
500
497
508
126
599
673
289
730
369
505
175
833
461
148
62
79
95
52
478
47
193
272
215
561
681
819
945
825
259
869
991
237
886
963
585
437
31
186
866
559
566
781
152
166
918
502
942
710
12
564
17
322
34
501
81
182
937
574
434
690
997
883
893
656
677
851
43
987
46
551
244
813
133
392
603
445
968
343
662
391
226
981
690
926
748
295
416
207
217
569
740
672
904
954
5
493
914
907
589
342
480
678
696
611
878
857
538
747
2
318
569
830
640
825
461
526
408
141
387
36
803
916
632
475
537
248
676
975
718
106
383
914
357
827
700
79
858
336
229
463
159
329
170
934
841
734
924
215
80
609
133
737
562
657
80
972
769
329
609
216
251
486
381
268
365
245
227
873
941
406
452
690
355
889
302
344
130
884
150
830
470
818
132
113
879
592
19
166
610
789
405
305
610
979
890
456
898
283
190
889
244
328
130
282
268
640
331
516
24
650
405
61
249
578
668
900
85
92
907
241
896
130
340
502
672
14
160
549
478
286
55
272
561
239
83
828
692
193
915
147
187
419
191
848
17
500
59
456
108
425
222
239
806
37
322
323
318
590
708
280
445
584
583
164
960
524
671
554
808
473
70
125
586
87
543
680
3
952
291
600
564
744
665
83
230
229
823
43
531
244
286
556
42
264
667
794
63
865
48
313
675
444
403
606
136
642
315
681
362
62
501
129
655
872
901
234
366
468
575
678
800
893
122
401
762
96
999
874
14
90
884
763
520
378
555
667
875
986
267
636
566
114
799
463
8
638
572
797
960
418
36
173
777
139
196
478
393
877
913
664
57
751
1000
952
454
750
167
441
362
911
504
880
422
623
273
380
325
805
843
924
673
881
561
985
246
68
121
40
281
935
689
831
402
612
688
770
143
583
350
464
900
84
711
451
940
45
282
808
299
881
537
443
265
453
758
671
31
224
89
973
743
566
1
819
868
524
212
683
644
56
530
533
1000
215
593
95
634
13
509
976
521
530
38
937
985
460
90
358
864
951
873
505
123
523
638
6
370
529
733
67
340
767
490
160
670
543
841
923
159
609
395
467
517
34
866
528
798
901
511
577
522
876
934
641
77
463
982
556
629
1
224
250
531
806
147
346
42
528
806
489
107
481
756
646
242
857
559
162
606
237
566
441
691
25
539
133
978
332
234
25
148
564
305
763
870
814
284
700
508
979
959
719
404
396
528
542
420
297
229
630
38
576
658
722
655
577
33
898
162
948
76
387
236
991
879
392
182
613
629
557
408
474
544
99
20
156
391
326
613
811
313
164
599
881
821
351
873
609
695
984
335
452
607
963
108
372
322
964
848
485
765
574
96
981
893
121
649
58
648
408
411
763
12
600
57
44
507
165
160
508
724
913
558
214
176
829
789
836
626
730
778
150
422
824
61
359
815
896
67
738
454
489
444
338
649
471
291
259
664
770
140
78
170
306
79
866
227
165
334
721
486
407
298
532
433
623
789
616
268
674
88
571
100
503
170
912
260
547
530
905
212
332
196
98
421
136
275
985
168
619
408
174
72
2
638
460
243
737
141
689
743
646
922
430
501
258
544
27
980
494
14
797
859
520
693
562
393
914
222
564
996
706
369
185
48
628
843
517
154
778
348
82
697
980
47
601
244
296
828
801
219
35
940
465
47
172
772
294
124
537
841
771
264
756
250
829
122
582
371
778
684
821
215
170
795
551
732
310
327
980
793
691
33
435
727
758
415
818
53
831
182
226
21
664
947
968
343
96
720
235
69
894
934
58
374
49
131
183
408
558
782
130
611
443
338
979
274
887
308
685
495
934
988
840
610
127
221
371
712
136
62
670
148
195
975
766
487
177
456
985
39
453
124
397
123
812
135
838
474
774
629
546
671
595
175
416
427
998
346
835
673
960
205
893
509
740
793
547
960
134
960
136
401
593
481
709
853
584
551
810
927
350
723
165
163
505
718
760
873
647
782
632
931
615
845
95
171
19
702
438
527
684
234
629
634
475
823
12
175
408
884
404
346
293
960
680
311
111
833
698
673
111
872
468
81
621
50
287
772
208
913
577
94
318
666
253
344
167
672
147
235
50
178
125
507
395
839
595
981
822
444
210
525
156
813
88
221
282
834
764
179
697
394
716
413
317
272
688
351
287
792
452
175
669
504
72
426
194
323
814
122
851
435
116
606
713
535
578
441
951
844
406
456
685
405
471
862
393
33
557
186
27
889
390
773
488
356
18
678
308
456
200
157
570
414
402
853
621
285
96
199
278
533
135
334
537
162
503
356
70
468
290
436
396
219
26
709
101
570
433
90
853
727
977
309
211
289
322
966
617
237
285
474
66
636
40
16
937
707
891
256
927
991
538
672
20
753
156
269
637
908
624
102
277
991
696
419
994
150
56
220
279
12
886
467
156
963
701
869
643
946
431
468
592
512
640
154
555
652
561
846
352
753
954
777
457
746
796
181
293
28
168
519
92
845
167
657
980
937
322
208
932
282
190
566
694
249
422
917
602
896
461
999
66
966
602
662
50
525
320
942
882
47
444
939
157
496
112
142
362
668
656
141
274
545
804
951
631
793
636
772
680
291
441
622
972
983
389
6
22
512
180
119
631
681
164
621
458
108
779
27
113
376
266
537
511
926
452
818
575
237
576
709
383
939
570
77
863
561
661
691
58
324
789
849
877
458
774
267
540
383
881
323
914
779
475
714
837
887
882
391
253
200
209
621
561
519
279
475
918
204
810
542
683
824
192
73
959
273
312
303
103
177
445
476
998
389
846
694
207
963
973
918
732
895
779
601
825
849
718
866
63
897
402
126
927
116
805
183
676
757
9
258
328
13
548
202
566
972
435
641
647
392
499
402
289
979
753
905
248
305
160
371
240
194
358
281
884
806
558
798
665
659
326
379
739
850
85
497
769
140
868
145
501
333
329
700
129
791
82
291
307
806
620
598
348
761
530
677
135
219
949
678
487
518
126
885
95
231
178
444
334
820
532
139
933
517
564
99
521
48
807
158
723
77
947
479
209
508
435
15
708
739
868
11
977
245
913
825
140
275
783
281
774
50
558
914
489
884
581
268
777
75
694
106
814
245
44
317
754
330
302
239
434
323
939
877
707
760
946
825
868
614
315
361
371
576
791
230
733
83
655
644
852
569
76
27
12
593
818
398
485
433
168
804
496
67
971
638
792
407
484
313
17
979
255
588
31
529
221
195
102
7
184
762
541
386
983
51
72
348
389
321
599
593
886
286
529
802
934
760
123
31
457
571
761
321
994
167
40
572
614
525
777
173
311
554
439
252
353
222
41
253
186
903
745
514
946
209
72
998
838
944
455
144
463
170
703
709
718
727
883
175
659
591
736
577
890
442
610
172
369
124
5
802
67
60
72
423
27
896
727
313
964
842
369
294
229
712
959
172
944
332
950
49
931
429
640
256
773
117
322
392
390
900
603
798
542
160
913
322
991
128
595
353
273
438
989
412
100
733
718
660
59
663
945
491
923
979
520
679
803
198
498
552
482
234
583
330
269
62
327
686
345
73
227
43
75
379
217
283
859
235
23
198
800
852
211
231
868
561
913
411
461
725
244
466
737
553
627
32
946
735
4
77
92
183
472
146
769
754
206
505
206
457
577
11
939
435
147
675
604
346
286
918
247
722
679
785
197
280
976
51
748
337
771
199
530
22
757
258
558
590
976
397
451
825
465
437
708
351
386
586
625
641
605
344
720
780
163
676
244
111
518
311
564
408
398
854
486
113
572
84
580
627
514
598
432
130
502
103
48
226
827
40
516
103
296
398
425
772
824
698
918
339
65
31
223
636
557
758
407
85
663
512
636
630
463
293
212
384
977
625
80
479
118
509
744
310
266
309
408
43
383
916
363
265
812
672
392
691
900
944
661
333
909
551
600
893
42
114
100
381
257
277
918
754
185
743
728
519
630
585
780
110
86
540
170
709
34
528
661
443
136
840
530
103
185
8
848
591
578
992
186
457
367
879
801
462
595
700
505
26
407
810
372
949
191
55
568
331
950
546
694
307
804
431
714
449
60
217
122
417
620
177
629
745
427
543
312
494
744
134
120
91
936
796
552
263
215
35
754
103
955
24
741
359
691
694
669
222
691
416
998
749
643
912
300
793
535
134
770
787
83
878
468
951
816
269
907
852
539
510
601
455
493
14
156
520
383
725
490
511
835
515
582
705
703
786
604
283
947
733
228
584
517
554
202
844
44
947
935
339
519
619
74
956
776
372
295
619
914
690
343
790
253
443
625
996
69
134
635
431
371
454
657
742
686
723
139
295
955
335
932
349
910
789
68
746
149
568
967
35
967
106
628
756
123
713
436
837
136
710
14
134
232
670
742
494
783
370
153
464
552
171
471
867
856
84
152
654
254
617
490
469
101
563
608
642
482
229
326
616
351
36
217
794
654
751
656
381
979
197
260
37
78
285
152
29
881
392
195
329
188
182
499
604
392
622
86
341
585
198
392
959
637
197
816
2
334
55
665
980
698
768
457
657
734
408
315
387
912
717
913
189
305
827
511
30
265
919
239
780
599
35
284
199
556
826
675
829
720
976
165
90
825
940
420
917
483
427
636
249
913
5
390
551
512
855
656
115
202
275
839
877
585
402
635
593
664
878
787
327
475
871
249
437
664
612
746
543
617
112
26
473
552
872
381
425
577
488
804
159
993
292
530
605
451
928
230
23
416
396
957
481
426
626
143
434
39
65
808
601
382
49
941
405
325
887
455
640
875
999
686
160
887
107
844
866
21
937
649
244
846
715
330
203
946
788
999
320
814
743
935
497
458
377
455
785
650
468
408
854
872
861
609
319
105
133
302
241
234
13
590
213
198
904
456
203
511
179
382
85
912
164
801
664
143
563
867
823
671
119
648
140
894
526
36
264
438
782
652
163
574
593
553
653
307
265
200
106
914
181
497
194
834
526
497
898
958
440
745
692
56
600
850
705
710
344
540
544
430
572
273
860
399
916
837
64
561
480
329
118
614
122
146
525
261
556
120
700
195
236
616
78
807
102
586
424
861
747
598
146
922
652
611
443
969
127
670
115
8
385
131
900
455
996
303
959
229
864
528
667
592
188
520
264
431
886
116
428
78
344
467
237
4
903
131
811
885
29
39
95
306
376
631
244
396
987
638
888
996
753
800
292
945
374
613
153
174
233
573
441
364
913
131
607
343
782
268
921
978
947
522
49
555
392
606
896
805
362
696
23
451
191
639
189
705
94
671
436
951
236
592
550
79
644
243
886
740
703
705
411
356
653
343
735
966
636
196
76
932
633
912
512
296
293
91
210
699
265
858
438
850
31
474
820
444
44
787
919
198
955
994
612
34
923
822
658
945
772
169
228
842
98
937
556
489
360
134
437
729
702
241
671
335
780
658
287
369
113
285
271
583
512
191
867
40
851
60
231
915
394
212
712
734
849
814
347
508
658
545
895
798
568
424
478
736
221
726
737
454
306
571
563
481
353
728
844
877
572
163
739
794
836
971
414
565
865
968
298
414
942
214
217
802
23
324
972
637
170
782
618
715
938
87
542
719
609
849
372
702
68
699
774
270
192
418
528
936
474
469
806
436
680
491
359
153
882
154
189
194
7
485
658
661
847
287
952
337
915
59
722
220
194
244
67
980
597
320
863
663
695
507
577
617
16
212
537
437
166
380
729
460
734
251
510
616
98
744
95
490
193
99
341
215
184
978
467
658
867
301
162
156
40
683
603
629
182
923
271
159
319
642
445
964
111
75
998
296
876
455
512
137
919
116
457
608
235
346
240
631
925
320
701
448
641
626
447
5
282
849
929
843
885
334
954
338
649
795
498
620
947
868
67
399
511
475
977
369
76
708
343
505
540
222
175
958
362
28
990
893
640
532
795
57
307
774
220
789
120
924
714
473
825
951
337
534
846
578
953
874
120
342
33
586
834
416
197
898
332
483
654
292
658
537
151
763
882
202
13
265
426
979
882
427
393
456
237
479
642
932
555
793
796
94
525
68
767
712
273
448
514
707
847
195
52
857
452
73
896
243
734
551
377
350
279
254
982
855
941
462
946
921
100
396
179
984
557
473
838
395
396
630
994
579
398
315
614
276
949
760
642
705
743
604
261
739
570
515
324
407
474
896
201
595
346
832
869
863
521
663
669
304
647
534
208
264
506
213
495
791
441
938
61
247
367
757
979
544
632
680
975
725
708
623
254
204
792
595
74
748
753
955
156
7
592
284
437
203
310
74
235
421
501
143
590
238
762
247
492
5
105
430
664
263
275
67
709
266
134
552
3
789
130
117
709
109
174
804
243
160
893
958
316
539
230
12
998
649
364
140
992
158
84
691
861
703
77
947
709
381
291
226
771
986
448
825
857
63
589
311
494
648
243
568
678
993
569
646
933
709
458
677
303
614
281
171
551
316
993
228
308
677
901
484
112
517
361
489
835
761
208
322
241
822
406
539
513
674
732
203
746
639
104
317
153
452
758
772
439
978
518
246
431
418
110
92
288
257
174
941
928
359
432
3
649
779
806
646
493
543
489
722
713
604
595
29
205
434
520
608
280
792
427
819
174
12
644
854
502
503
470
757
741
997
516
167
829
752
206
706
228
48
728
201
963
183
676
48
242
58
508
847
323
515
582
761
824
684
647
191
172
272
967
640
750
287
335
256
323
341
219
387
179
756
906
996
607
208
267
27
586
20
953
865
232
912
328
189
692
360
159
489
864
714
701
151
531
306
445
204
573
11
806
92
614
716
918
366
34
966
789
148
471
768
274
666
84
916
79
357
443
894
526
412
812
412
994
681
62
623
213
980
772
888
298
450
470
575
721
376
366
747
853
397
385
640
594
530
705
836
974
86
279
147
400
679
177
572
633
790
935
349
350
912
965
343
454
594
381
301
969
511
966
510
328
231
142
140
411
955
903
143
654
208
950
548
630
492
684
998
500
529
837
629
264
808
768
282
829
906
981
956
721
307
543
761
34
188
321
500
109
91
875
172
38
626
406
746
398
695
568
451
767
361
102
89
370
84
951
924
894
401
396
372
769
514
695
104
334
638
119
402
58
720
137
670
610
841
640
885
45
436
838
186
808
57
705
142
90
727
744
489
836
528
948
229
993
406
561
539
787
970
414
158
693
369
10
686
762
123
827
299
99
820
737
857
953
455
437
513
19
87
146
369
554
665
575
785
55
652
716
731
481
20
857
698
814
585
436
434
138
665
621
76
151
81
794
590
63
600
114
225
301
754
91
754
557
265
995
354
269
961
178
451
615
374
328
747
688
382
477
999
282
787
250
681
497
203
797
870
817
697
98
598
852
698
672
843
674
921
788
526
84
854
594
727
460
632
734
50
937
819
412
545
515
467
338
994
561
30
961
241
917
438
280
696
191
423
303
60
709
410
236
726
341
423
318
106
249
950
418
521
475
842
219
525
145
13
211
657
889
830
102
221
641
853
321
986
215
393
153
8
594
403
597
844
300
882
92
670
263
274
200
360
811
645
825
822
605
803
927
550
788
646
119
56
439
759
97
166
165
600
940
461
71
340
121
103
269
611
54
689
393
933
807
756
382
725
73
689
852
558
417
242
454
439
799
420
122
218
892
131
280
582
158
62
439
909
485
724
133
637
693
33
512
279
516
348
826
49
97
688
387
776
947
383
632
355
833
69
928
808
363
761
465
347
188
788
693
409
151
374
372
137
653
273
542
184
634
423
479
642
602
531
51
768
684
263
699
553
123
861
219
124
864
235
696
647
862
309
879
132
539
428
826
325
51
540
947
593
414
226
15
908
297
170
920
283
182
898
310
550
963
176
442
161
637
541
504
600
346
421
934
70
843
729
417
695
998
283
221
299
137
843
375
613
764
461
325
24
353
281
270
570
664
645
985
665
34
531
291
664
865
502
134
260
757
375
468
193
534
554
429
135
200
289
85
454
582
677
942
191
756
839
259
583
661
321
769
641
993
982
600
650
718
94
689
672
195
875
974
32
102
938
613
479
881
332
352
134
285
230
293
348
212
364
918
296
430
74
758
777
996
197
14
87
610
647
399
988
524
46
289
46
91
739
975
159
75
372
911
417
534
112
80
931
874
537
944
421
94
291
868
646
432
708
704
739
755
394
375
929
318
101
691
465
504
85
568
996
934
919
970
608
165
368
118
593
918
172
207
252
307
883
561
503
868
495
574
554
898
172
385
773
138
715
120
165
947
941
8
273
33
527
238
550
823
461
778
482
895
957
503
895
533
201
932
688
515
267
813
126
671
45
907
415
115
169
47
979
723
11
28
309
836
39
607
857
261
187
147
296
678
305
843
874
160
716
604
677
384
682
439
422
634
206
486
568
819
718
600
329
51
977
829
834
744
404
327
811
444
704
205
780
727
632
621
894
845
800
858
413
33
652
32
611
721
736
209
551
469
113
75
164
331
189
975
512
128
214
230
160
501
800
981
926
911
282
410
548
292
429
186
180
153
214
454
232
906
82
300
232
762
643
733
958
889
632
628
734
737
505
921
655
654
953
883
833
268
840
163
365
127
649
747
279
442
486
766
417
137
213
385
870
611
886
25
703
275
936
693
575
203
678
79
844
314
949
687
405
816
19
414
726
979
533
328
423
584
332
410
728
655
909
287
878
558
21
19
317
521
339
964
455
457
299
550
101
241
689
362
843
615
768
984
990
64
909
285
838
312
636
471
225
869
728
556
728
543
216
697
257
928
166
834
848
9
470
704
343
823
146
660
791
106
328
921
713
812
225
3
608
751
233
771
24
654
831
813
402
655
831
558
316
640
890
90
944
247
722
968
156
610
655
385
434
553
882
128
760
391
125
336
213
579
808
24
410
374
127
516
764
609
135
144
52
256
712
772
132
711
857
662
883
731
141
522
308
726
473
145
737
911
344
474
79
850
565
736
402
985
19
142
454
705
105
65
593
233
269
494
172
373
464
996
438
441
15
882
948
141
285
387
864
113
654
904
691
329
425
404
532
834
379
745
275
780
30
5
127
438
763
288
429
14
541
568
501
206
519
570
360
26
594
594
146
796
235
627
830
426
868
75
833
96
833
498
221
12
486
89
99
636
239
622
370
102
684
284
168
653
432
503
749
850
49
680
716
880
226
959
868
709
1
593
398
73
104
372
42
256
303
776
769
930
464
35
554
303
275
493
189
668
801
877
821
93
730
846
573
970
147
8
184
9
938
403
342
857
657
997
267
714
878
553
402
615
701
449
199
374
281
766
12
935
834
676
53
256
462
402
11
578
234
450
108
162
710
282
289
485
896
817
803
562
466
490
132
504
42
485
204
289
326
438
592
971
901
970
35
625
721
259
583
225
988
269
466
555
895
277
426
192
157
200
834
943
935
733
89
220
137
896
891
436
699
969
853
809
252
272
45
492
761
476
456
165
77
563
292
608
626
342
3
892
751
853
281
55
300
52
669
112
871
81
899
474
402
979
683
761
219
154
760
144
607
855
154
413
359
903
352
520
336
742
516
104
758
966
134
567
495
393
564
190
489
878
243
478
176
499
731
764
940
255
218
242
28
981
43
802
333
353
131
245
519
194
873
393
736
918
600
619
784
609
452
631
394
656
515
50
616
590
196
947
927
62
820
199
157
799
546
612
713
673
952
156
964
229
669
483
744
819
293
209
990
912
781
684
429
947
765
840
739
618
394
74
972
108
789
645
30
902
542
983
762
263
45
672
610
750
985
216
6
308
773
421
367
277
559
876
180
204
776
271
676
240
249
183
920
95
856
861
933
864
203
626
661
280
483
515
362
777
866
987
169
354
481
338
934
999
165
881
662
343
207
476
429
285
106
421
984
999
287
697
710
572
345
434
243
654
942
455
827
850
444
377
199
300
691
802
150
640
465
174
407
368
416
418
636
549
15
734
855
772
769
424
764
721
684
44
864
387
546
828
766
535
743
261
621
635
246
598
735
799
476
235
822
859
767
332
409
566
274
698
463
643
567
752
268
368
918
286
77
13
345
857
524
850
559
443
346
196
629
997
632
757
209
891
608
335
280
666
517
368
1000
444
195
302
645
649
849
490
62
179
833
837
73
766
219
528
46
133
104
538
82
645
920
48
546
797
44
970
656
637
985
379
429
866
765
981
809
391
508
503
20
744
894
739
407
651
928
600
299
524
44
796
390
590
608
176
654
92
296
494
742
580
675
153
424
82
979
636
567
582
30
696
470
625
383
404
82
461
744
486
523
238
213
5
418
747
845
791
445
988
871
604
383
869
807
977
293
764
203
27
130
519
18
245
980
827
491
135
466
820
749
788
319
49
665
208
467
548
7
936
313
1000
900
589
49
29
982
1000
541
492
703
25
410
265
531
717
506
442
825
412
123
817
898
612
829
393
631
259
832
410
915
524
122
475
344
577
408
487
27
685
508
92
8
295
555
703
828
54
208
360
118
634
113
953
89
431
136
340
814
165
45
837
889
17
460
839
970
724
899
243
761
206
436
546
608
658
708
160
671
25
36
5
209
592
723
860
69
736
976
605
81
704
318
974
21
232
914
492
170
695
555
309
320
72
640
853
398
808
819
627
886
129
846
540
545
164
168
716
225
281
375
802
692
255
821
207
20
472
578
965
839
161
260
357
23
73
832
1
416
3
804
71
978
71
718
348
377
505
449
672
491
527
730
189
768
783
778
215
290
383
360
662
961
54
680
791
764
47
286
620
359
960
767
208
926
843
209
939
866
576
124
176
806
470
744
969
891
484
519
592
15
533
64
671
329
809
180
359
230
747
258
409
474
928
960
458
712
227
1
948
965
725
437
647
635
585
141
853
220
550
744
892
963
122
948
919
483
201
65
395
81
764
750
692
458
919
61
308
406
116
94
27
850
515
279
594
18
65
586
21
81
76
148
548
735
543
735
693
988
244
846
305
425
842
774
797
186
110
700
59
324
802
609
170
387
633
761
641
395
837
222
301
175
93
296
95
927
637
568
754
596
212
45
635
864
186
345
732
581
288
868
699
426
477
621
946
361
314
234
742
404
859
973
143
926
779
574
129
990
986
962
893
858
463
883
772
347
633
528
350
10
910
449
72
775
475
237
194
679
107
856
710
788
170
622
837
164
987
751
282
509
787
434
714
661
876
410
174
9
16
687
801
450
763
889
693
659
427
961
266
643
701
299
621
472
822
792
867
118
761
229
676
950
490
54
1000
326
406
208
849
434
367
911
110
579
727
54
239
464
860
392
643
193
646
275
970
865
449
925
653
487
424
707
155
143
64
495
912
42
221
307
826
961
269
993
595
794
783
943
381
458
86
60
271
827
701
707
49
988
313
618
547
895
986
419
344
711
462
664
446
48
88
631
43
976
443
867
66
654
16
991
814
784
330
125
208
295
177
276
658
899
142
402
164
711
334
901
877
178
622
797
845
78
73
600
738
228
392
964
496
733
910
165
668
132
165
13
116
125
242
997
233
498
193
928
996
850
423
525
717
28
983
72
30
844
407
486
755
87
330
910
500
83
911
311
47
250
96
185
685
166
160
318
716
818
972
190
554
114
314
226
22
186
816
744
118
236
177
584
186
770
763
720
297
315
654
421
745
613
383
960
342
637
778
654
146
241
318
445
979
519
857
325
447
593
230
119
466
46
819
844
227
158
280
426
809
706
932
231
214
664
961
670
953
269
487
168
428
268
685
258
726
402
501
613
774
967
413
87
580
213
731
454
321
709
727
343
200
393
581
271
662
794
267
897
595
109
275
401
194
853
411
745
879
487
43
445
480
48
600
641
571
923
919
4
157
496
155
438
536
112
64
382
93
407
462
33
169
63
546
185
618
929
490
717
616
784
721
669
881
706
283
865
790
212
129
650
735
48
909
29
186
180
949
235
624
28
301
488
899
873
833
913
594
238
712
281
879
911
747
715
748
568
580
258
727
115
845
267
275
455
874
73
781
507
251
896
318
904
399
410
644
415
577
697
404
88
629
792
644
821
137
207
35
454
834
782
162
796
269
409
936
166
968
40
234
914
405
902
269
689
818
671
929
953
115
30
482
40
420
964
263
286
933
353
27
960
425
350
871
276
44
69
650
67
713
207
880
40
553
282
408
245
35
376
387
20
720
409
775
328
4
228
611
796
577
614
772
934
443
38
649
80
672
341
512
689
140
509
833
731
12
978
776
535
253
736
696
13
576
611
845
244
919
179
988
176
735
876
61
663
774
871
748
56
665
927
774
97
817
720
842
644
369
958
160
267
473
44
697
305
101
700
612
701
241
163
924
654
787
340
965
232
118
945
952
888
735
941
211
558
328
81
92
562
196
136
201
938
310
299
709
603
671
204
234
63
155
693
492
463
461
965
28
67
150
259
103
277
714
590
870
991
586
285
343
171
113
204
779
462
580
650
661
292
973
870
83
848
206
81
52
140
593
478
401
986
470
665
983
821
309
307
750
317
529
872
869
28
878
876
673
831
39
472
938
752
605
667
644
130
776
777
808
273
790
287
235
123
130
772
923
259
680
591
838
36
89
907
40
41
399
191
211
824
762
34
781
848
520
757
329
694
456
803
377
202
146
31
297
171
331
349
860
447
326
527
567
568
349
453
674
462
119
28
932
662
452
585
118
704
55
573
262
942
488
386
603
826
245
307
186
302
383
926
963
995
983
227
275
252
513
436
72
700
976
881
943
54
543
810
101
173
761
790
595
634
603
318
112
724
384
912
535
370
441
921
507
927
896
355
155
400
488
640
681
5
80
51
215
156
202
536
278
470
276
153
944
408
785
820
236
586
719
360
106
328
191
964
869
839
356
507
980
546
656
152
947
223
108
289
432
609
404
522
943
462
566
56
252
296
61
633
416
839
744
241
192
598
460
312
523
603
884
38
218
917
729
30
477
867
871
125
957
408
628
895
136
589
4
433
968
392
931
425
358
727
629
976
668
87
470
718
53
29
656
567
701
514
416
994
447
528
80
15
552
569
932
368
507
904
289
234
621
121
943
828
615
775
321
459
444
833
683
991
257
911
559
157
762
204
749
480
789
412
951
554
27
108
845
477
920
661
795
897
460
245
832
686
503
869
609
720
710
199
692
488
647
351
732
641
859
829
791
312
742
651
811
948
957
15
491
546
662
792
286
582
140
929
335
36
418
685
447
865
269
955
608
89
499
776
854
331
175
740
984
338
713
451
769
778
465
518
356
304
31
967
903
918
730
111
81
173
459
710
562
814
967
100
736
817
215
235
118
509
380
710
386
906
548
952
46
867
298
13
258
385
705
239
39
817
703
462
140
298
95
877
814
823
77
869
726
651
643
168
581
170
885
551
805
776
588
533
709
232
215
794
919
103
174
538
7
82
849
685
143
614
506
496
114
890
492
59
39
405
968
338
871
698
583
178
28
789
548
276
698
802
948
756
559
463
478
719
388
455
242
177
353
829
661
867
429
225
943
675
932
172
331
749
302
404
725
167
1000
836
116
438
425
981
172
92
469
115
401
202
354
45
34
295
987
875
177
403
533
266
770
472
674
527
187
947
804
493
306
889
377
159
524
745
180
117
50
274
467
422
210
261
561
70
130
108
509
933
90
22
517
552
504
164
659
159
765
230
127
676
894
998
880
766
389
262
788
814
914
614
663
975
535
808
502
685
939
801
947
42
301
477
560
642
38
733
650
458
542
20
528
728
79
375
786
805
405
1
318
694
461
798
483
820
94
456
466
247
868
967
25
184
118
561
18
817
988
338
274
474
727
351
521
478
224
655
356
365
143
929
674
928
18
703
198
947
904
543
749
855
512
256
809
174
377
406
395
59
686
11
754
680
564
897
78
766
157
446
540
185
530
422
303
572
670
474
559
981
773
715
693
995
991
425
503
155
835
769
557
725
145
561
295
311
104
749
309
359
966
539
740
865
825
704
680
111
38
730
992
328
825
54
675
331
838
116
8
927
115
881
889
314
884
23
145
743
923
397
629
308
441
142
121
61
819
917
21
803
866
185
820
845
210
99
413
682
406
422
226
226
5
478
582
432
899
456
961
476
468
149
454
895
500
361
866
338
333
183
590
342
998
59
356
687
1
274
96
607
983
255
148
684
570
929
685
702
469
393
364
628
908
587
50
870
75
214
806
991
564
550
112
650
621
998
796
705
588
604
220
368
452
335
405
562
665
284
305
344
516
275
516
470
964
24
831
88
907
509
941
777
631
779
943
24
626
556
546
402
145
117
502
714
438
622
279
391
333
215
81
765
288
430
248
134
370
575
468
398
462
269
377
925
588
157
921
506
783
402
227
404
203
949
834
305
832
621
270
637
991
81
156
510
331
190
557
879
941
11
693
990
2
218
207
186
798
764
29
451
839
719
640
72
91
686
721
424
936
547
773
591
696
312
215
112
21
36
175
696
292
985
115
877
589
120
853
306
898
666
609
738
287
69
412
150
318
773
55
660
942
822
402
232
25
765
558
206
796
359
129
283
153
858
471
142
169
53
705
437
542
57
58
583
651
379
415
667
895
946
625
350
826
214
786
109
90
776
668
374
549
123
136
256
280
632
973
839
600
790
336
141
261
865
40
485
297
725
820
924
310
244
576
4
50
37
697
364
119
99
67
968
497
698
961
315
283
986
326
674
792
711
528
524
995
948
485
243
221
423
246
280
247
674
65
569
935
752
317
776
652
245
806
521
974
790
21
6
528
13
885
91
89
632
243
891
923
596
458
117
78
923
923
74
315
954
73
459
715
805
332
523
961
405
39
228
948
59
655
198
67
675
137
59
173
907
928
760
868
909
858
295
55
60
491
117
719
391
522
289
175
168
807
377
923
868
302
164
320
668
736
4
431
902
805
616
521
243
460
820
904
976
347
913
418
515
649
577
575
502
532
935
689
625
99
896
621
59
707
876
278
645
675
398
145
309
117
523
652
283
514
656
611
722
993
764
140
213
928
408
701
649
388
637
790
757
189
64
913
640
864
584
264
480
322
344
108
261
888
91
902
230
450
209
884
710
184
693
14
450
946
368
629
526
407
454
721
216
269
203
505
751
354
481
617
457
45
937
29
542
964
500
725
106
991
105
93
893
698
35
631
165
525
14
62
538
976
711
476
528
992
801
175
524
229
772
568
820
621
95
763
40
245
345
677
459
59
110
801
822
797
808
121
985
89
785
926
706
870
409
663
977
565
242
206
125
270
593
95
97
481
909
961
906
634
294
317
122
862
894
25
280
14
143
12
406
479
294
879
72
424
69
581
174
244
963
567
443
18
169
404
374
977
480
465
295
762
256
397
930
419
834
139
307
652
939
89
12
206
85
352
421
380
978
211
17
168
897
624
807
699
774
567
213
53
49
559
268
788
442
691
748
732
638
294
