525
522
413
175
728
418
399
67
889
241
370
640
76
177
124
475
545
288
77
570
638
969
425
227
198
112
918
195
351
567
345
908
517
642
403
301
921
243
682
431
460
347
430
102
645
716
798
938
306
927
508
903
669
918
973
89
173
897
519
162
519
903
434
180
829
851
229
895
815
914
291
118
10
371
785
690
792
786
191
478
760
79
543
16
245
116
248
652
508
882
813
484
752
808
596
719
725
602
746
822
183
632
450
125
461
768
379
461
26
54
282
851
241
67
681
253
998
836
863
2
251
895
854
608
365
41
615
991
549
693
904
694
375
786
556
882
212
54
555
683
97
702
693
40
928
416
529
680
624
540
11
426
841
550
878
126
790
571
128
259
88
364
335
771
491
613
95
11
127
879
589
922
461
329
488
831
475
923
464
950
473
805
896
814
529
213
693
715
919
507
40
848
738
924
365
211
539
64
513
309
475
164
384
62
381
651
111
181
88
605
981
480
82
77
66
154
1
48
758
909
525
933
677
606
751
706
415
986
562
467
275
167
950
210
574
492
113
89
355
687
657
966
411
424
290
66
337
928
599
267
347
396
554
81
81
877
341
774
298
141
661
880
690
279
324
472
424
685
624
944
411
812
460
887
908
875
158
31
649
634
723
718
44
250
658
283
753
389
966
440
508
221
13
423
794
437
672
268
400
884
427
197
202
569
187
903
537
326
778
827
573
283
12
504
227
889
791
315
969
557
892
252
867
91
22
299
12
462
927
764
655
622
15
754
381
471
388
50
345
87
18
675
379
392
90
460
581
369
650
239
445
993
248
102
561
257
597
293
507
659
298
994
326
648
920
146
645
861
100
59
519
730
189
850
118
144
317
159
152
399
12
35
530
299
802
358
861
438
22
790
711
660
299
72
588
497
800
840
891
191
76
799
871
824
611
960
316
87
880
460
252
698
780
634
291
664
194
960
596
604
467
355
351
590
134
521
73
160
928
287
878
469
162
827
755
130
746
849
447
848
276
628
859
691
155
217
744
249
618
303
772
338
189
330
626
56
316
862
519
376
839
737
312
863
713
351
581
168
677
550
536
304
658
327
59
758
181
139
873
468
331
373
114
628
370
779
412
676
900
505
424
432
285
789
300
592
821
849
610
298
89
90
502
207
264
536
627
128
938
429
144
781
100
733
109
268
593
447
734
190
926
398
572
68
318
216
309
65
471
684
50
540
668
95
536
5
139
232
699
274
180
914
184
18
299
280
337
910
701
284
785
735
649
379
124
543
269
154
191
850
361
134
759
879
889
310
904
169
647
471
925
508
192
268
1000
331
583
604
223
778
601
189
97
634
588
426
803
307
968
853
724
992
603
652
656
104
792
806
669
543
415
647
677
878
771
728
875
611
414
17
825
477
229
29
557
378
344
777
437
807
280
467
11
425
652
90
435
991
633
861
476
63
772
259
201
38
72
847
698
22
440
51
473
165
463
268
114
224
66
699
948
853
689
939
776
423
420
112
827
161
147
32
862
775
583
337
235
116
719
701
895
730
276
507
644
154
214
187
968
366
779
519
189
423
161
175
157
682
317
673
923
206
187
507
533
44
863
118
48
808
223
125
258
556
695
736
687
334
536
223
905
906
689
217
958
289
946
45
859
8
217
250
375
669
827
566
146
517
220
239
178
366
69
463
84
607
592
756
779
586
270
612
551
693
127
191
343
664
517
35
402
126
287
710
353
998
784
684
58
792
652
132
960
821
913
598
913
752
776
176
181
956
44
297
184
39
778
431
343
115
418
887
44
851
598
975
601
689
430
66
393
339
195
160
446
928
852
43
938
252
857
538
244
383
599
403
700
92
633
971
692
327
913
898
971
881
1
394
410
231
65
51
708
473
288
604
490
92
789
751
193
421
76
841
841
478
700
76
637
61
377
331
162
963
637
264
639
797
279
96
123
155
973
337
233
677
379
599
802
670
450
426
756
628
142
510
541
656
500
141
42
505
410
752
837
691
521
297
748
342
848
495
142
868
605
606
494
482
433
49
264
334
915
167
21
841
137
283
420
615
530
392
403
977
747
681
97
482
575
222
537
787
386
399
770
563
299
654
344
271
871
635
218
29
950
366
204
128
10
542
196
848
988
179
986
57
825
26
184
76
648
455
475
6
119
671
894
336
193
532
388
879
982
874
57
84
256
556
895
442
748
517
939
285
674
103
476
226
179
105
509
728
94
291
760
466
337
13
95
756
18
25
56
884
44
596
753
430
108
500
208
436
327
455
454
285
262
803
566
312
317
347
264
831
286
91
413
896
499
930
166
436
860
301
439
87
311
532
486
562
386
494
765
16
347
639
808
507
304
282
23
786
401
7
12
210
543
233
826
877
369
788
806
914
677
182
930
371
592
980
860
91
282
394
582
899
709
365
888
845
535
909
314
488
73
265
483
934
572
670
280
889
868
769
344
120
894
233
427
195
650
661
430
427
187
261
494
674
711
141
711
846
747
195
341
871
87
577
101
350
869
101
215
668
745
153
7
843
734
139
892
118
448
647
710
751
639
504
46
902
278
365
268
136
715
244
573
711
969
888
552
824
785
651
26
517
584
91
976
906
544
904
246
811
97
539
710
238
842
642
646
505
149
249
827
499
199
656
946
217
185
418
994
936
793
417
103
261
531
142
225
489
843
345
490
221
286
524
35
902
888
385
623
187
245
142
89
755
985
833
185
29
12
235
751
268
181
757
100
116
752
916
476
801
911
421
546
159
838
979
301
85
851
507
183
588
42
196
294
602
388
207
816
59
441
206
827
451
679
333
727
947
629
730
495
63
223
660
957
980
502
399
770
850
441
288
501
455
812
951
525
443
87
232
830
761
409
598
237
439
372
445
703
307
460
361
475
525
796
436
4
223
96
752
854
406
774
106
498
95
352
793
852
485
762
468
911
717
875
915
745
722
222
736
502
172
28
529
929
927
910
990
299
594
952
496
902
283
983
355
175
330
468
800
391
310
992
168
782
781
338
542
511
669
634
220
141
808
472
271
895
552
668
209
895
601
628
782
994
485
822
7
626
198
48
207
422
689
952
782
68
861
215
342
738
891
279
452
379
110
475
999
682
255
807
705
356
374
247
734
978
560
142
479
891
388
546
540
143
448
809
356
816
815
418
76
233
952
909
260
927
588
48
107
111
318
325
685
611
334
369
673
419
880
623
650
578
293
960
658
789
197
125
547
434
91
853
884
737
897
825
112
284
407
128
960
157
551
580
103
89
665
10
152
26
394
375
814
359
116
352
717
246
567
127
830
126
893
255
360
196
176
716
243
405
422
825
221
505
802
361
356
540
84
720
261
525
833
427
975
839
684
366
704
145
19
440
858
678
326
586
844
709
64
137
460
124
563
101
993
143
351
294
709
791
955
293
78
7
889
43
969
637
533
433
719
766
816
696
115
810
589
456
261
212
567
843
982
221
748
628
741
275
992
779
382
138
979
349
843
229
222
814
963
943
127
617
230
523
213
977
123
573
178
726
642
538
742
685
109
154
422
151
679
433
719
435
744
841
302
612
990
840
299
973
914
881
792
2
857
509
34
909
858
60
765
310
347
496
722
364
192
615
48
656
70
127
24
885
536
708
923
796
691
808
728
781
585
797
306
667
794
802
926
153
210
311
577
544
284
84
529
35
766
414
74
972
111
933
690
966
412
529
947
63
153
55
775
29
101
1000
477
357
31
386
198
276
592
464
579
770
709
540
485
376
807
772
920
556
733
676
127
447
780
517
813
663
751
583
424
732
255
357
161
482
963
188
446
591
89
249
978
379
716
514
437
925
548
76
208
514
819
273
223
910
404
514
585
298
720
996
126
485
202
52
76
90
279
279
350
294
907
223
366
108
755
251
519
387
519
451
611
336
449
985
19
874
876
249
800
276
698
295
440
394
177
2
983
902
240
985
587
764
345
410
706
89
654
807
397
732
823
129
808
795
567
329
241
759
65
844
287
748
684
649
22
626
269
394
752
285
718
147
993
402
386
528
839
454
353
494
908
944
886
585
424
120
890
873
328
427
276
325
552
48
873
691
599
971
645
720
821
153
431
221
813
390
396
328
592
149
180
700
707
731
59
12
30
180
434
427
20
666
896
851
26
503
703
519
510
397
448
242
961
115
872
278
379
313
304
293
396
177
324
842
322
86
605
299
192
426
4
687
35
544
358
995
269
280
116
57
311
620
764
813
913
92
492
764
221
151
440
758
679
142
964
178
221
145
826
211
992
124
200
701
68
696
81
383
281
930
632
282
704
93
117
42
620
761
581
335
765
617
634
549
316
888
165
880
769
303
487
445
183
234
673
918
21
460
283
419
993
726
618
910
975
125
310
116
283
343
111
900
881
445
908
174
793
282
107
328
884
144
438
849
716
749
635
310
525
162
623
18
194
383
524
725
404
654
630
905
78
298
902
458
925
735
966
323
948
260
102
87
176
443
611
185
434
117
481
10
325
365
42
970
978
906
651
340
126
319
866
611
476
353
445
329
862
313
364
421
209
164
778
702
504
147
226
566
750
123
381
673
221
775
614
323
864
868
332
440
695
662
337
323
430
560
873
590
400
882
635
564
468
518
683
745
882
974
490
527
246
719
692
62
240
652
661
623
185
780
888
294
430
288
541
629
107
90
372
418
935
32
646
490
682
953
387
711
519
348
222
223
866
773
779
886
999
505
324
888
452
549
849
198
812
194
720
262
876
572
293
523
126
967
797
105
699
527
952
715
965
293
756
907
43
946
263
196
286
952
215
949
821
920
69
839
410
370
269
336
928
683
570
700
876
453
584
207
896
858
931
832
862
524
490
164
590
954
67
637
212
979
965
890
61
790
468
511
419
606
930
554
837
687
26
553
312
28
832
599
951
870
696
11
585
550
422
762
530
238
303
881
443
822
594
792
17
112
377
300
639
989
133
149
592
817
374
573
1000
538
223
338
959
865
585
588
235
387
952
798
387
156
870
582
886
424
334
96
444
842
622
515
719
193
116
179
723
162
55
272
389
496
789
888
974
585
901
215
913
119
832
787
162
764
783
826
993
218
802
474
675
528
227
125
360
729
384
473
553
917
395
569
202
803
782
494
336
291
286
607
310
927
198
624
204
820
778
372
345
436
502
618
524
840
930
848
941
933
796
349
822
696
333
274
873
514
777
172
744
598
163
531
715
139
45
509
160
599
60
36
764
269
570
590
188
570
755
744
137
279
19
75
475
404
596
32
102
943
576
76
867
259
200
867
84
97
438
607
684
748
789
63
316
588
11
389
291
231
433
127
752
936
387
722
440
493
116
369
384
353
640
971
664
389
471
207
408
360
541
516
338
790
571
833
139
413
175
527
612
750
104
196
864
616
26
985
231
344
875
864
565
802
647
64
297
603
907
595
397
498
182
518
798
678
706
974
498
813
18
795
403
705
340
210
51
140
62
908
956
456
313
252
513
281
567
240
781
15
228
930
950
997
314
757
371
922
9
61
468
475
196
912
180
288
858
509
448
650
699
348
396
933
443
582
279
953
37
969
345
76
3
595
416
601
656
447
618
496
64
750
428
764
828
618
531
712
844
882
316
459
666
43
530
75
941
191
443
396
33
353
221
248
916
412
712
183
612
566
548
238
976
940
20
620
61
865
955
968
527
854
439
532
975
350
970
791
667
395
794
872
653
151
427
463
413
735
918
872
731
471
324
276
139
746
752
109
680
441
963
932
271
530
869
860
200
30
903
971
590
7
877
152
211
352
860
407
50
332
451
688
612
517
388
280
993
259
49
802
15
391
706
917
249
793
479
641
651
56
634
733
612
948
480
454
54
371
238
576
486
193
150
992
495
599
178
395
575
584
824
704
668
402
594
694
551
54
378
201
377
317
41
184
217
580
142
614
159
370
734
485
316
899
11
651
908
967
417
959
930
806
828
630
978
62
736
367
715
625
544
649
388
737
60
6
943
579
394
472
61
370
445
867
150
850
344
591
150
982
500
148
711
538
391
263
202
666
59
617
681
717
706
56
463
192
972
157
888
152
391
992
849
126
163
383
754
980
471
261
20
223
617
472
398
168
399
390
31
557
480
983
427
528
499
809
827
110
107
565
711
523
312
873
219
322
936
757
861
546
203
570
453
794
115
40
645
694
683
526
712
995
28
872
822
942
372
868
834
913
568
505
684
9
115
274
201
746
49
102
899
92
21
882
330
353
986
700
374
67
329
31
272
447
205
751
472
107
582
332
721
648
308
702
535
215
607
55
755
821
795
260
574
529
213
961
3
576
698
358
56
122
655
76
781
179
400
679
360
216
181
668
904
156
520
152
444
611
763
78
142
241
560
309
993
987
918
468
865
108
797
275
432
866
482
402
696
488
868
866
79
263
71
711
123
22
200
933
334
455
330
165
445
840
96
750
471
506
440
82
190
13
895
153
678
419
154
998
61
180
246
719
121
200
441
384
315
419
967
125
161
191
139
60
715
848
897
738
442
141
709
753
890
439
836
130
566
426
671
323
18
177
888
548
754
96
784
624
425
510
525
271
51
650
233
736
16
287
631
93
65
608
214
478
37
210
153
155
367
275
232
957
845
841
396
801
275
810
614
275
375
199
439
486
352
37
41
672
956
72
824
935
821
930
513
780
979
340
656
293
229
498
104
980
527
921
650
911
161
899
118
286
479
418
555
160
693
233
262
39
771
959
680
395
24
327
856
815
268
87
155
279
982
622
645
147
555
720
596
835
340
843
319
122
11
446
504
380
126
3
972
900
475
222
813
778
565
344
170
651
707
562
184
490
556
131
527
644
715
888
36
744
74
519
868
544
594
636
596
225
935
899
178
442
53
304
233
102
117
341
867
496
674
36
501
200
864
414
794
35
624
498
40
400
25
276
551
536
142
419
210
699
230
493
21
947
427
417
711
400
328
575
511
253
544
306
357
3
924
602
549
641
942
892
91
734
91
547
386
6
775
433
15
956
832
312
85
661
749
193
370
337
817
304
873
992
694
574
765
874
149
785
739
106
176
915
977
962
962
852
333
252
682
281
978
900
872
546
794
736
638
335
97
220
923
258
647
358
846
868
653
646
468
153
793
118
502
565
395
740
244
134
994
597
600
256
831
568
416
491
988
497
332
365
206
388
376
303
573
447
93
32
406
299
474
675
425
321
148
240
660
178
725
798
837
94
766
528
518
503
58
472
467
597
349
376
635
20
83
97
362
738
72
418
607
840
937
253
433
396
484
470
339
86
926
310
172
185
403
725
745
752
598
693
901
881
31
818
197
195
628
719
474
735
699
99
956
995
580
54
368
801
348
929
557
845
823
854
995
38
417
321
777
622
584
843
930
447
393
330
346
149
458
676
988
24
851
582
531
518
676
169
162
707
237
626
124
700
844
164
54
503
844
460
685
951
414
362
254
489
340
156
184
893
860
216
900
997
733
211
11
66
559
112
778
183
944
411
842
957
41
862
911
501
143
494
898
382
720
184
895
683
484
315
380
111
533
274
135
164
710
508
806
727
693
243
774
120
774
980
170
599
750
684
951
962
829
492
918
197
2
178
930
804
978
173
455
314
810
85
838
636
733
625
830
556
771
64
963
291
121
350
889
601
434
320
525
994
300
294
352
71
457
864
251
295
419
7
801
142
222
361
535
306
169
168
189
743
634
687
151
54
198
609
791
402
723
107
784
569
959
191
914
370
678
468
586
546
821
908
771
843
676
83
25
716
672
720
886
269
563
915
317
61
31
669
290
629
661
952
191
687
560
827
137
788
604
878
100
255
513
460
276
594
798
27
700
12
868
836
586
700
450
25
85
8
698
23
252
349
774
696
52
252
720
134
329
151
707
467
911
878
919
757
843
194
675
809
162
734
724
714
869
105
125
941
722
554
28
514
519
926
523
237
150
315
676
617
846
159
695
189
102
489
197
172
211
90
339
48
905
370
624
387
918
678
814
927
750
926
254
496
365
400
185
862
457
267
725
898
899
396
389
999
45
445
627
805
32
79
607
799
516
957
11
400
706
726
45
429
578
162
873
773
99
640
638
966
742
373
103
139
384
90
172
566
702
148
648
657
655
870
272
333
380
830
347
520
403
47
570
145
195
754
729
68
857
741
405
761
326
904
47
609
123
31
869
223
955
946
923
827
219
955
708
453
55
599
660
819
297
38
64
74
175
775
417
629
978
91
628
915
992
702
912
560
312
322
416
130
964
415
100
362
188
160
876
509
131
471
622
376
365
994
641
673
572
284
44
305
493
482
113
747
92
813
432
315
202
491
818
877
337
696
948
629
645
629
635
641
356
700
118
347
436
475
426
862
646
656
184
928
719
707
988
58
237
123
622
955
128
516
794
125
633
487
724
76
646
715
254
486
218
832
76
474
423
375
563
151
421
897
983
130
9
622
12
191
129
389
584
428
809
54
683
804
956
91
538
326
834
989
167
151
922
788
126
755
896
123
678
550
86
532
570
423
63
944
728
842
81
83
287
72
7
294
404
604
651
219
42
555
666
223
870
249
52
777
81
506
863
491
216
709
817
379
757
712
810
673
676
754
536
969
79
621
400
771
298
733
742
576
112
186
366
966
778
153
813
392
73
728
784
116
55
59
235
53
304
296
548
460
6
873
464
958
765
681
910
921
62
368
83
281
8
186
787
693
938
301
178
954
461
318
706
849
207
666
390
22
530
940
688
920
398
816
150
21
699
387
620
885
499
769
763
195
291
373
673
182
351
367
958
540
987
824
151
446
165
598
684
847
999
860
616
869
322
555
123
610
298
92
23
19
772
869
101
930
125
287
389
122
501
314
181
592
401
424
946
985
824
727
276
90
514
691
88
856
140
855
26
959
743
88
449
578
920
783
945
434
347
301
751
437
241
87
151
879
190
417
641
706
54
768
56
669
564
214
145
272
63
590
951
665
806
410
893
132
760
453
183
991
983
602
838
16
82
19
649
252
975
319
940
465
814
421
562
91
387
347
235
580
624
302
445
921
462
92
950
840
109
42
487
717
619
987
827
911
808
97
811
442
775
669
858
745
421
884
433
423
581
322
999
723
200
845
181
757
941
371
428
613
523
660
236
414
72
45
491
178
796
16
300
116
450
800
807
771
917
97
998
902
44
219
824
726
512
149
532
24
867
56
421
170
364
584
504
763
210
621
803
528
904
185
952
820
280
661
595
921
505
431
234
340
351
187
804
54
311
156
844
384
46
978
914
499
1
676
830
217
802
388
839
324
428
720
130
58
662
604
210
497
855
987
494
496
180
942
741
498
908
205
768
923
543
590
894
145
869
782
333
126
448
848
173
90
536
669
649
931
750
991
44
222
871
415
481
855
573
406
547
834
594
497
137
865
29
289
232
479
32
544
860
290
45
254
765
560
792
464
410
352
692
23
96
775
37
81
857
43
980
700
131
292
427
766
268
876
619
644
165
896
832
476
99
263
844
511
414
565
284
218
430
528
583
630
474
75
579
779
879
725
242
825
323
104
16
267
857
208
313
163
836
692
603
845
876
17
929
125
696
607
327
744
537
319
888
156
154
732
500
483
906
298
696
74
262
757
144
523
225
21
558
811
655
318
499
501
528
955
221
122
110
926
558
238
724
617
498
61
330
135
665
924
356
617
204
807
517
390
619
715
615
404
754
311
787
486
454
556
697
466
67
23
699
574
519
531
517
766
902
920
690
942
566
69
373
806
285
530
35
641
69
784
178
144
967
820
185
780
236
6
738
782
966
601
320
968
969
577
786
228
695
545
196
554
742
411
317
360
164
222
719
339
679
224
826
562
991
862
555
723
228
51
521
536
647
313
697
862
213
781
232
911
999
478
862
48
416
852
88
888
559
161
969
172
185
655
694
672
974
480
573
910
975
808
944
288
9
278
696
988
683
592
290
883
744
568
359
255
681
198
157
445
622
216
578
114
169
448
18
405
847
444
814
308
882
288
297
703
746
598
767
648
441
412
275
62
276
354
617
671
453
762
132
88
349
103
466
682
130
193
930
422
976
772
710
836
179
291
272
500
327
609
874
445
122
729
294
504
525
516
150
339
854
107
594
337
389
812
714
994
799
722
489
215
450
275
955
252
379
200
412
91
922
453
733
148
959
933
743
681
322
597
761
871
7
412
258
29
344
959
943
536
635
509
121
910
505
779
240
827
449
518
560
281
521
588
192
341
864
70
241
169
319
60
568
300
690
459
293
432
359
135
526
174
318
286
416
10
48
392
946
153
260
443
240
41
58
162
359
200
479
842
370
205
51
383
651
134
137
225
656
429
114
62
783
118
852
532
865
18
239
635
33
135
518
183
161
64
319
553
123
490
391
176
664
653
842
854
177
689
87
479
706
631
697
654
825
441
277
180
524
62
380
507
417
791
906
531
988
81
688
78
388
841
852
135
839
391
965
961
531
392
202
71
558
243
859
581
134
931
250
664
504
212
578
403
976
92
309
226
908
252
41
906
220
701
127
40
111
661
391
202
596
527
734
723
384
160
606
862
708
437
148
882
442
383
425
823
399
845
607
259
318
253
693
821
613
977
88
492
156
679
488
665
213
433
354
547
202
621
586
515
129
507
774
934
101
744
248
486
192
221
218
53
69
507
302
826
561
551
382
306
340
917
114
594
397
343
547
666
896
481
514
182
689
440
230
679
195
413
891
704
159
51
125
145
7
135
350
905
949
230
988
434
171
343
838
508
509
371
26
576
47
692
907
598
177
214
255
351
848
616
338
909
957
684
579
380
643
784
659
859
928
770
534
491
689
635
188
885
887
625
184
978
276
296
479
649
333
340
235
516
872
659
451
257
837
391
183
763
813
623
939
160
448
437
891
884
59
171
685
286
486
59
159
338
749
127
525
679
61
45
333
944
52
234
287
436
826
835
201
256
89
605
456
61
13
91
721
372
780
605
971
206
312
590
813
422
248
236
949
110
91
855
731
856
406
325
697
431
577
791
531
164
771
922
382
843
361
376
229
18
78
498
327
799
171
192
796
149
482
42
619
849
34
48
566
345
243
431
34
700
44
551
322
278
333
271
280
116
582
276
580
666
528
187
381
723
33
76
260
334
878
489
468
143
353
185
845
625
851
618
347
179
897
970
553
920
572
98
912
565
840
415
582
386
420
716
454
286
609
621
809
737
484
425
4
926
507
327
47
976
324
236
400
322
555
493
45
850
678
151
467
254
148
881
556
391
841
768
620
184
450
717
949
16
891
149
828
325
847
383
726
671
169
788
988
751
197
13
880
381
861
314
369
913
642
293
215
276
554
976
619
239
604
815
248
399
356
24
847
153
816
391
144
674
782
910
167
990
301
504
135
311
884
61
115
821
398
872
694
366
487
242
103
250
347
969
559
512
534
13
813
189
620
619
338
480
725
626
690
331
422
315
24
860
34
942
1
26
628
181
218
606
776
945
1
764
253
964
726
674
873
405
535
592
795
754
626
289
154
116
871
478
971
584
804
871
692
789
407
241
158
207
378
652
2
796
826
706
41
913
198
531
2
586
572
463
345
773
264
490
417
922
452
445
143
79
325
863
462
69
707
398
576
492
70
98
964
752
947
691
283
99
357
449
317
217
941
918
422
412
521
239
573
440
515
633
47
689
920
170
624
49
859
938
537
895
424
528
789
758
753
330
241
204
167
409
57
5
577
890
310
268
98
600
41
32
344
436
393
429
289
205
913
31
1000
609
903
758
85
358
890
212
460
551
701
86
80
757
564
494
642
898
968
728
572
70
562
681
544
399
713
141
500
627
274
333
896
225
354
922
985
39
101
983
313
318
3
557
334
11
886
539
820
88
533
887
586
408
283
672
802
705
422
376
399
902
286
6
382
390
740
596
372
186
676
495
371
956
490
362
710
490
477
416
675
980
639
824
993
859
878
990
168
277
64
84
544
672
767
526
627
855
766
928
536
889
978
171
77
268
535
830
306
955
365
414
586
680
979
993
8
948
895
39
201
807
135
312
290
60
629
992
716
699
22
383
466
31
987
933
255
747
907
203
721
411
785
125
125
688
510
320
847
602
393
649
341
445
242
738
952
584
15
894
359
836
494
873
632
443
163
963
838
909
837
800
830
778
859
757
662
924
458
44
174
938
420
689
502
75
263
575
775
918
921
963
356
741
621
959
774
642
560
58
658
653
849
991
280
764
3
806
129
25
393
201
436
672
835
204
704
826
806
32
946
260
170
448
709
671
403
857
797
390
681
896
735
863
876
676
622
854
877
15
93
746
177
21
793
196
1000
875
546
707
557
94
847
260
624
339
485
867
398
557
7
401
476
363
248
650
185
526
823
497
621
387
389
720
814
310
770
542
302
632
553
214
815
869
62
849
875
335
234
647
467
936
189
195
467
491
574
989
939
296
520
563
927
392
436
728
872
7
681
188
751
987
126
316
617
983
762
296
19
671
879
650
458
730
949
5
684
311
940
721
391
653
224
620
991
734
628
479
246
974
478
801
373
184
777
619
159
471
675
703
310
481
762
427
801
471
124
493
90
890
675
271
216
426
909
24
905
118
15
234
351
597
593
202
571
50
17
639
736
797
475
241
224
729
946
98
240
427
59
505
947
177
908
457
399
238
431
292
570
337
809
753
880
738
604
465
210
74
972
848
456
261
978
619
813
66
703
232
961
43
257
580
441
476
84
907
977
428
518
67
842
453
197
436
803
278
483
684
983
351
350
143
100
809
310
123
771
650
226
475
817
813
813
950
550
229
955
689
963
185
109
103
933
521
864
811
469
37
494
825
192
220
586
918
367
546
852
741
964
577
920
451
529
54
59
279
824
756
598
103
129
575
949
136
470
701
861
163
561
945
151
206
423
860
492
571
448
246
388
305
575
848
449
750
663
61
617
595
101
263
798
162
507
830
322
284
397
463
292
827
671
906
416
500
763
193
542
61
454
516
489
416
965
444
602
129
333
615
397
266
666
283
616
863
550
706
569
719
235
615
110
390
841
762
399
617
63
299
641
868
762
866
655
329
518
56
548
621
564
707
161
863
320
638
917
10
480
212
869
402
387
764
540
710
512
783
291
147
180
771
279
50
731
550
670
398
391
688
241
907
74
40
214
688
624
320
563
386
567
414
570
497
196
374
304
298
232
942
588
755
130
451
938
561
121
442
586
28
422
226
821
105
496
97
284
902
787
659
816
510
42
3
811
535
350
443
530
44
723
714
340
374
138
61
556
287
794
169
891
275
445
294
72
30
160
359
872
543
57
577
351
210
461
427
510
863
841
608
731
257
923
162
720
374
969
375
139
53
181
166
177
497
648
985
973
149
562
882
97
978
62
829
285
947
924
451
1000
362
131
122
685
648
413
974
691
318
342
54
695
292
243
581
29
70
599
4
276
277
871
615
470
384
932
401
215
958
483
958
402
820
263
314
319
995
353
567
127
423
482
598
434
36
323
248
933
701
758
985
735
545
379
6
355
460
94
221
159
155
171
221
290
666
568
704
212
640
826
671
250
385
370
370
503
309
365
845
920
775
571
522
340
525
760
433
189
324
495
157
362
20
490
378
761
394
626
937
642
563
625
943
381
976
129
638
493
855
41
587
277
147
153
423
958
95
675
621
950
615
996
716
80
750
51
550
381
908
209
553
605
378
873
35
477
14
833
636
891
428
970
807
784
695
624
706
96
68
114
773
26
997
857
765
260
194
207
674
978
467
897
83
940
624
494
253
180
442
810
397
987
763
625
743
657
974
163
350
268
23
231
148
388
678
133
705
838
419
872
989
640
27
844
58
157
14
623
434
961
731
196
829
115
345
169
931
382
109
679
739
356
12
691
508
661
88
474
283
616
282
668
917
696
748
413
57
960
66
10
809
430
489
22
242
466
212
755
413
118
345
135
770
493
6
651
370
188
695
773
31
321
276
685
416
957
852
244
821
537
351
180
832
318
478
168
314
429
898
179
680
475
20
309
59
530
204
805
424
309
921
634
346
891
416
385
931
924
125
912
528
529
951
132
294
719
997
27
140
629
983
360
749
254
603
484
575
28
215
492
698
290
218
760
47
119
127
295
110
662
361
706
687
922
875
769
482
597
96
558
78
962
453
327
297
273
759
598
761
696
825
477
303
639
327
1
571
542
70
771
867
504
592
884
663
399
156
376
718
414
870
914
978
43
736
300
167
359
559
312
241
249
711
613
769
955
398
767
844
393
648
759
979
473
760
55
933
291
839
593
700
232
17
529
703
904
149
317
961
564
108
271
213
930
769
449
94
812
732
604
895
443
920
94
742
111
913
760
563
437
295
770
604
225
667
492
913
303
356
918
3
92
326
19
508
920
979
566
722
730
30
610
895
653
917
418
8
869
711
784
603
260
388
204
621
929
701
560
531
921
550
182
50
103
243
676
356
500
374
529
267
23
440
264
312
650
409
892
11
420
513
326
228
306
561
25
13
710
927
898
439
377
584
240
500
328
447
460
237
10
773
343
661
593
473
956
374
171
447
318
870
733
737
763
547
518
429
427
7
792
334
136
781
165
233
644
625
237
12
177
824
513
663
138
455
314
123
379
522
235
116
789
696
281
984
392
742
699
234
831
711
47
807
350
921
854
910
661
32
127
71
56
835
684
419
459
590
960
181
383
642
237
664
204
266
637
840
939
868
365
738
295
9
875
442
917
294
150
279
33
155
897
631
625
315
552
638
838
240
343
332
139
67
534
550
459
926
354
810
559
136
696
57
151
924
556
203
278
63
822
435
192
975
722
766
418
462
776
62
240
776
519
127
891
17
639
129
986
59
330
269
157
973
181
500
898
571
260
594
764
951
148
819
162
146
609
67
409
247
594
341
697
382
367
101
308
431
969
553
573
856
905
8
620
767
923
443
748
997
186
187
963
250
325
782
652
908
391
773
556
441
91
302
182
177
809
184
241
386
946
319
279
231
403
764
180
368
366
401
690
400
562
315
122
137
302
176
35
416
204
628
50
745
191
859
561
133
150
166
629
853
322
920
500
964
594
862
999
543
409
137
420
506
469
352
136
449
390
264
595
482
211
634
451
901
934
670
107
488
276
714
256
300
919
714
610
484
218
274
736
800
771
932
872
595
288
404
866
780
721
236
588
48
517
386
870
46
805
414
272
618
962
617
267
554
335
904
813
272
353
634
318
411
1
994
758
811
757
106
296
452
116
918
595
870
352
347
375
352
136
925
701
336
74
166
180
752
484
520
113
815
751
674
537
937
242
735
474
805
314
193
795
598
466
350
525
364
358
396
819
143
939
317
131
765
306
340
592
548
384
741
267
289
479
912
240
921
477
360
95
142
551
721
840
55
590
973
705
534
540
77
76
48
245
871
484
611
295
630
923
266
610
855
850
390
316
728
396
248
991
687
163
7
752
13
937
587
768
106
294
472
757
980
810
240
35
827
695
421
428
619
960
171
887
714
364
661
224
19
456
662
613
904
589
31
316
517
901
692
26
7
321
972
540
52
141
452
462
666
661
310
804
7
817
664
955
587
810
254
206
10
693
39
927
766
399
737
432
689
284
638
881
223
894
732
850
88
810
719
778
484
196
214
323
524
640
626
466
256
17
680
890
866
230
39
104
239
986
733
466
77
813
183
826
851
33
968
343
301
160
446
717
746
376
24
323
659
493
641
274
361
931
3
109
58
128
327
89
950
860
656
652
155
576
820
519
356
822
442
383
782
912
410
225
696
91
363
893
860
245
935
873
602
637
718
200
314
180
512
917
871
510
391
762
346
379
595
494
865
569
365
520
241
393
514
410
888
859
284
71
795
564
270
66
739
683
244
662
339
182
603
814
403
732
637
437
456
375
114
794
754
55
318
812
769
27
382
792
544
705
450
59
524
884
310
503
996
750
653
496
16
354
650
80
597
303
701
766
875
100
884
836
41
380
983
553
150
944
556
4
944
717
978
821
629
736
242
978
43
154
652
212
271
901
305
93
966
17
792
776
706
3
355
705
974
607
535
122
211
431
476
981
261
760
923
31
540
269
873
897
345
609
241
503
678
93
27
623
498
290
874
422
354
687
840
643
227
470
78
429
43
504
525
328
256
310
143
224
421
999
680
262
875
860
653
360
556
18
526
985
884
4
625
644
904
581
180
319
93
186
740
629
602
799
938
782
387
453
813
811
549
786
51
423
736
116
683
530
910
673
565
307
590
9
327
603
762
770
155
896
622
562
456
271
696
41
914
447
169
60
384
921
204
679
910
586
543
736
299
942
509
220
180
834
75
630
907
909
906
793
787
146
845
66
615
680
481
752
977
326
433
927
859
471
484
974
565
313
664
86
812
259
874
94
499
876
69
727
669
83
47
523
559
761
466
230
724
415
5
881
220
806
77
826
864
76
874
703
256
332
770
902
972
802
819
95
320
724
731
462
84
189
556
2
27
900
772
115
693
922
996
76
24
311
456
181
72
888
522
16
921
704
236
223
758
737
627
122
386
310
83
895
92
374
914
944
665
828
645
584
895
937
447
571
945
198
458
542
608
178
964
427
238
91
915
262
884
894
653
170
431
326
976
17
145
836
164
334
115
921
764
859
296
60
809
605
310
607
671
43
871
42
424
626
508
283
240
628
631
483
7
378
83
439
510
231
604
191
872
219
998
737
735
798
16
87
370
95
7
446
164
624
901
146
747
770
607
212
349
259
919
858
981
668
180
801
852
26
947
480
377
209
13
492
124
270
771
430
217
782
228
52
670
891
816
530
862
849
958
553
384
328
485
93
641
805
487
82
2
532
253
77
596
428
607
828
259
88
199
664
963
814
442
160
766
56
160
696
771
176
31
304
254
919
685
118
253
45
234
978
225
403
384
916
631
21
81
1000
285
267
872
232
746
915
88
720
829
915
988
522
215
976
851
795
254
361
293
607
771
673
463
168
835
283
389
932
633
548
999
807
364
792
939
59
159
926
463
136
586
336
348
781
133
602
128
979
7
893
366
941
691
77
539
260
809
937
311
673
677
748
494
762
982
145
755
461
144
509
583
37
693
169
987
716
46
394
284
614
792
210
745
828
131
305
150
93
927
631
829
829
621
883
768
363
852
842
28
204
761
428
169
332
975
966
216
15
882
364
219
889
543
767
481
4
434
602
79
310
454
206
933
245
978
467
876
782
660
376
903
602
293
632
879
494
696
395
84
224
657
277
504
565
608
36
946
325
566
496
114
910
405
368
388
881
21
523
933
793
362
387
424
148
746
334
359
548
22
670
631
555
940
65
273
580
12
424
471
141
474
318
562
98
515
202
969
137
377
710
662
289
786
669
538
550
38
748
155
375
644
803
417
939
193
150
215
302
164
319
716
449
19
954
44
993
727
629
52
64
441
357
145
219
449
950
10
932
217
901
36
645
856
901
116
228
618
744
509
342
656
157
80
247
935
507
634
169
917
467
120
172
136
90
405
4
862
510
456
545
643
470
90
292
536
448
431
920
969
819
225
759
350
968
951
782
46
926
157
586
742
161
372
341
562
988
298
651
6
417
564
420
157
637
776
53
178
212
81
4
64
44
477
888
637
988
424
804
277
37
320
972
815
151
841
989
11
282
889
705
162
34
891
495
376
470
944
800
339
353
44
666
121
753
288
25
468
151
969
144
336
856
899
614
307
496
522
931
866
372
312
671
300
314
464
859
427
755
219
985
61
718
274
998
681
409
795
901
135
929
186
235
605
652
287
826
349
742
966
150
423
791
150
670
281
822
733
735
867
19
738
976
741
237
200
951
384
32
302
488
74
962
306
228
758
186
736
972
426
669
790
681
624
570
917
556
236
722
669
366
894
111
74
124
147
881
100
521
8
10
319
945
825
776
690
638
985
78
153
637
295
708
219
898
488
962
789
970
262
953
248
654
919
684
149
748
806
489
946
71
867
399
439
999
810
813
341
500
322
296
175
513
172
3
683
556
426
8
500
680
701
297
58
464
876
307
341
524
175
224
188
113
937
25
986
239
94
852
596
970
497
599
423
704
816
724
608
104
926
897
116
554
526
532
60
945
668
534
555
643
365
627
45
43
112
205
340
709
383
411
95
906
55
529
571
773
321
64
231
928
622
99
782
70
789
305
250
353
826
618
276
617
980
436
933
846
279
350
661
77
652
762
893
960
19
143
902
180
997
501
990
452
69
788
73
322
610
583
688
258
820
82
155
140
227
387
686
41
460
775
958
575
418
438
445
407
805
845
919
136
741
42
878
683
361
472
392
738
286
495
442
809
912
385
667
854
323
910
670
912
207
782
98
695
338
113
204
793
248
783
655
830
49
56
96
327
149
709
704
109
841
463
477
952
83
349
60
95
908
947
338
929
22
1000
668
302
575
368
507
139
443
199
963
888
912
486
780
726
881
520
5
304
131
362
888
9
310
627
189
316
314
250
164
685
454
802
964
109
833
922
396
60
51
294
717
255
741
574
767
168
848
136
544
305
5
298
439
717
674
643
911
825
965
378
38
156
517
656
987
528
277
51
143
875
69
129
828
586
910
678
661
701
743
402
867
786
776
62
138
436
949
837
624
759
168
312
427
319
527
960
986
916
59
345
979
873
878
102
30
506
44
983
223
350
445
834
85
914
565
705
395
648
984
598
528
173
624
719
598
679
961
508
386
910
951
588
230
442
534
100
136
17
852
236
155
600
335
721
812
767
345
714
214
526
989
85
428
456
681
645
771
942
75
810
676
18
983
552
322
685
248
864
148
455
655
977
724
600
37
335
78
323
974
145
395
889
605
396
832
145
670
255
413
673
332
187
723
372
326
436
621
381
84
345
21
114
532
297
486
78
470
642
943
745
398
936
687
42
666
651
370
700
807
135
885
340
195
969
364
643
550
555
891
726
431
555
473
24
452
878
470
882
578
773
402
477
634
778
288
173
218
105
992
775
153
557
163
545
950
450
562
724
669
217
15
38
540
44
3
102
916
953
548
516
409
965
220
760
828
191
951
212
829
575
162
832
344
602
803
146
80
691
150
223
168
920
658
358
395
370
674
890
907
6
236
890
757
19
364
996
340
264
211
300
611
727
70
807
484
74
327
839
532
265
910
516
724
325
433
741
480
646
502
86
173
201
790
44
351
17
889
843
227
278
185
927
129
847
98
284
651
553
905
443
233
222
151
310
413
458
559
126
771
34
788
125
136
31
503
509
579
862
925
264
597
856
80
565
86
622
717
561
476
265
308
570
643
25
714
187
642
415
926
781
6
655
812
983
220
781
893
237
121
785
638
1
662
941
850
42
245
345
727
331
374
128
61
125
136
789
627
870
253
623
423
167
400
338
188
321
832
173
880
811
404
269
85
476
51
919
110
497
144
435
930
35
101
213
159
802
506
317
778
416
882
121
592
15
320
395
361
572
119
368
77
654
967
423
536
974
917
210
443
826
681
760
192
120
933
669
209
349
184
854
440
21
329
751
198
970
270
920
852
382
51
77
692
666
360
333
154
814
730
980
580
230
720
694
236
982
204
409
838
16
695
820
47
945
507
373
860
142
721
99
808
427
564
577
125
540
481
437
718
940
27
79
980
300
800
373
950
403
227
75
359
812
717
744
267
149
379
33
527
705
42
423
227
474
922
153
74
814
390
211
5
557
636
992
729
345
930
569
651
124
802
279
281
260
758
362
659
571
520
695
296
793
325
686
167
255
962
87
119
98
304
682
683
796
109
134
673
93
118
363
160
345
229
168
33
776
659
201
157
444
841
283
98
891
581
980
363
529
247
487
458
456
458
665
276
876
654
660
235
55
736
97
23
880
422
722
30
537
324
343
161
1000
515
10
812
77
516
173
40
344
903
542
742
286
773
415
541
319
72
680
181
240
472
441
515
80
140
682
943
537
957
229
65
243
612
906
691
831
434
277
419
183
368
39
51
11
378
345
350
924
376
541
541
791
148
80
47
502
333
187
384
353
669
2
221
828
823
559
25
106
424
54
666
308
75
994
651
516
947
713
869
311
413
851
203
651
275
329
227
101
908
817
293
431
984
781
241
963
134
716
352
470
723
418
902
199
668
601
453
668
222
674
1
709
272
484
893
723
458
377
649
205
669
525
578
276
707
335
842
386
386
956
901
195
300
809
92
526
990
526
561
366
884
806
261
270
206
25
823
524
458
965
318
396
467
223
796
798
10
190
928
181
928
472
328
76
672
262
579
925
4
964
368
789
530
928
853
147
652
93
989
438
834
492
796
207
951
341
69
439
352
739
83
862
849
242
756
661
885
540
742
795
40
644
618
805
378
68
534
127
885
183
68
107
70
782
110
106
104
299
928
807
945
164
146
853
903
470
213
62
195
678
939
476
892
95
149
414
782
149
933
322
388
890
675
816
130
500
368
403
697
79
779
248
769
767
627
154
22
187
509
929
110
860
201
284
236
113
544
534
922
113
126
306
853
296
722
625
288
982
323
792
459
615
329
528
310
588
289
645
893
255
324
88
183
167
878
743
780
701
541
205
930
147
189
621
715
48
521
449
267
410
570
988
1
697
40
628
60
133
711
566
976
465
368
104
434
250
133
521
511
938
224
63
235
591
494
930
674
955
476
712
586
836
201
37
908
732
461
577
180
942
982
34
547
806
94
620
401
176
906
776
937
711
420
88
922
612
12
714
751
372
589
153
92
643
15
687
961
240
250
65
848
422
19
192
358
503
516
519
943
946
802
700
653
303
270
277
975
237
517
59
569
872
49
395
368
634
427
975
877
743
758
386
954
889
784
97
244
132
221
851
808
653
821
749
34
494
409
830
551
652
878
426
319
195
128
2
805
820
105
716
450
1000
574
678
278
701
431
54
687
786
115
404
915
838
494
900
317
401
815
415
424
933
430
602
545
604
730
344
56
181
63
208
597
115
367
651
107
567
219
483
736
631
804
895
815
276
60
497
365
905
727
809
804
486
283
929
169
280
792
995
361
968
619
389
818
354
905
752
238
509
704
577
837
773
448
363
193
566
178
140
385
130
848
417
112
598
288
365
250
624
79
493
457
309
322
594
985
591
292
635
832
942
342
282
129
552
28
596
74
795
3
463
963
611
271
239
622
477
345
658
152
751
381
130
532
251
462
864
32
399
987
107
472
216
801
217
117
42
104
270
490
523
137
717
961
260
763
894
657
844
95
12
760
841
147
221
586
706
165
351
668
376
572
871
724
206
968
956
541
226
222
494
997
302
673
235
445
514
721
331
439
785
928
29
555
177
7
654
269
469
381
668
618
362
534
272
187
356
552
383
412
987
530
711
961
742
827
40
963
493
258
428
874
94
254
456
682
835
628
911
754
510
947
190
998
605
689
21
325
797
831
612
106
943
941
588
874
93
212
324
46
422
810
913
840
889
195
281
190
758
244
852
912
955
334
831
428
71
982
547
943
174
545
79
495
837
169
558
533
913
722
728
53
161
550
842
776
518
951
694
480
687
301
651
173
526
688
302
796
439
767
411
178
380
4
554
11
182
358
4
345
723
57
922
739
533
806
523
721
579
777
459
860
783
994
188
880
826
926
664
131
250
430
168
663
342
267
157
823
692
509
252
597
494
573
582
847
731
956
697
739
556
971
139
945
489
139
148
476
530
936
535
695
476
267
142
862
32
921
694
11
533
228
898
403
762
318
49
409
523
803
8
803
197
378
183
787
610
226
199
834
983
122
549
943
733
847
307
133
544
244
537
427
841
434
780
448
748
487
194
987
303
8
314
770
204
959
74
839
487
145
375
394
413
142
390
930
254
527
986
754
552
180
791
195
990
133
375
970
164
71
366
198
896
721
357
601
175
907
809
880
705
514
465
580
190
284
734
795
770
77
954
367
827
843
743
97
573
537
964
389
94
713
9
963
321
903
27
205
372
206
14
228
817
425
249
332
934
70
669
443
684
137
630
549
374
870
862
576
927
481
321
348
383
702
865
552
713
829
667
930
800
189
339
468
456
322
718
205
151
862
176
960
4
511
500
706
240
104
921
458
931
23
26
41
799
131
906
577
583
320
227
159
971
394
789
673
915
805
159
247
91
914
387
505
418
553
185
186
148
474
123
266
484
251
577
593
371
337
954
380
960
405
889
994
325
241
114
585
5
332
22
219
244
651
842
108
597
487
106
164
412
931
341
825
743
805
432
369
457
648
480
420
661
327
172
129
901
552
144
348
50
190
908
612
189
631
848
988
624
399
247
21
943
435
907
355
651
113
585
347
117
548
325
311
436
856
276
665
365
133
355
734
98
705
134
576
732
845
778
659
209
237
727
890
295
541
519
348
561
951
446
209
890
498
986
863
722
237
633
260
863
629
218
98
979
773
146
471
356
905
837
730
575
647
650
943
973
234
287
830
444
667
73
631
587
540
366
156
566
73
653
366
320
817
351
987
598
832
812
313
167
48
304
519
204
163
412
121
749
287
927
412
518
840
527
424
238
95
298
679
197
231
79
307
685
480
687
605
982
294
295
306
295
494
872
730
190
709
930
615
548
218
951
272
781
313
791
85
376
992
339
456
532
774
585
939
146
122
103
936
170
96
51
899
33
33
759
864
800
994
116
456
951
668
241
941
462
427
127
442
986
843
591
546
111
30
689
544
97
628
953
628
835
679
69
231
154
473
324
402
943
85
798
950
647
963
55
54
301
82
65
482
560
554
633
723
970
209
564
602
721
195
682
714
329
601
459
122
898
838
474
315
146
487
65
982
591
32
405
444
494
