442
338
542
241
443
348
99
504
133
351
688
767
128
62
622
282
507
264
533
124
65
697
633
452
642
207
833
707
103
881
407
98
16
611
849
262
926
705
966
135
612
245
866
852
956
922
45
919
628
878
609
216
563
670
358
573
987
382
351
630
15
613
666
173
715
378
883
856
646
51
125
81
118
729
170
212
858
773
172
509
986
979
816
142
532
750
666
659
499
989
307
395
924
399
515
148
315
806
438
859
920
872
178
232
67
686
160
273
842
827
930
202
118
259
580
817
936
141
570
978
470
111
234
493
636
526
977
681
616
847
938
932
85
145
485
132
186
308
829
336
811
642
266
100
508
504
223
753
242
86
205
826
558
51
212
654
606
519
855
427
975
273
212
45
29
940
535
124
110
351
830
234
75
92
916
797
498
164
169
242
375
68
370
606
818
65
205
35
909
148
320
819
227
135
194
388
903
46
670
794
533
532
168
142
333
375
236
767
956
979
272
562
955
527
478
10
502
78
886
534
837
522
109
530
313
189
25
257
594
514
59
173
126
215
68
216
622
652
657
501
573
447
451
537
799
387
533
130
413
825
342
370
661
933
832
775
417
658
914
921
983
562
703
474
78
514
972
805
77
119
965
475
626
99
432
737
134
824
247
205
705
979
855
711
369
228
264
51
930
144
631
606
593
483
831
211
251
490
804
981
141
730
417
736
547
698
960
515
823
799
390
60
574
21
766
21
518
831
243
52
764
790
12
700
71
382
616
949
923
821
577
720
266
890
732
138
156
153
829
55
336
61
544
408
357
871
697
69
697
681
212
281
639
656
723
198
459
172
656
267
902
267
431
424
487
521
820
315
883
605
363
197
284
179
730
570
568
203
106
805
718
84
132
59
493
375
21
147
447
230
383
842
846
950
376
153
318
297
384
886
781
170
609
91
17
297
895
827
129
483
576
707
335
795
360
582
191
798
446
481
575
912
962
679
929
419
187
715
440
153
468
161
833
398
102
570
96
226
25
646
120
830
659
719
502
73
830
538
218
956
785
136
632
557
133
576
744
510
153
881
198
72
175
518
235
108
114
204
982
45
473
982
579
641
456
984
68
766
585
385
631
373
693
138
472
600
855
290
209
163
790
127
604
728
506
829
369
111
126
947
676
377
599
495
257
676
650
855
403
861
862
913
76
90
171
147
845
426
331
605
471
508
983
263
746
213
163
219
773
724
132
377
26
977
507
27
976
217
521
314
842
235
503
769
176
907
878
12
708
485
137
61
421
84
48
839
100
849
105
137
876
973
985
944
583
252
414
869
302
767
546
960
232
247
804
968
970
406
361
323
70
870
487
233
611
152
689
730
118
664
401
393
471
982
154
223
289
923
868
25
747
370
333
384
411
907
378
110
46
887
40
473
950
657
829
113
440
905
881
869
448
110
534
814
536
347
861
891
935
802
228
638
394
17
792
833
397
602
199
951
370
620
36
137
292
711
834
152
650
313
63
369
633
775
578
493
753
811
56
280
274
109
665
776
734
999
148
528
891
404
969
19
934
849
911
442
566
247
290
171
699
55
118
737
226
243
606
979
106
156
523
862
308
487
178
171
112
33
780
237
133
954
35
277
58
327
362
569
329
715
452
822
490
690
276
534
40
983
834
71
347
128
404
384
670
451
600
227
121
80
1000
883
580
22
437
152
512
702
418
897
561
947
324
227
678
380
52
590
786
485
496
392
649
253
938
789
981
675
189
838
803
979
19
751
17
639
286
122
363
908
347
446
44
371
86
558
507
770
321
327
484
913
311
338
968
139
242
320
486
611
37
486
664
215
316
820
3
981
321
845
53
599
889
568
507
566
195
520
89
345
746
370
629
324
111
133
3
840
270
554
919
300
602
29
140
829
436
897
209
837
903
209
981
557
82
874
321
786
729
780
912
697
828
831
802
83
346
163
261
118
153
903
808
845
416
260
434
389
436
693
522
270
24
421
39
672
487
947
648
340
846
371
319
577
613
82
192
790
11
228
656
523
40
433
408
523
921
872
828
678
833
98
569
528
440
793
159
560
758
858
952
904
794
807
432
786
310
762
331
867
94
1000
810
446
206
519
969
784
718
144
482
453
120
107
656
371
816
600
632
989
70
366
624
307
161
513
664
555
234
633
757
749
820
332
904
848
955
718
157
638
352
35
151
205
524
784
406
834
79
363
931
900
593
124
205
464
815
688
394
130
760
148
753
14
966
357
241
820
18
244
132
234
404
302
1000
169
604
47
166
973
952
469
908
862
475
244
317
536
358
96
785
931
773
66
724
272
94
663
940
539
685
187
995
391
214
194
137
425
810
982
869
216
384
403
858
314
393
681
517
858
851
763
935
955
990
10
76
104
302
323
761
689
232
985
562
355
594
226
701
495
742
861
557
152
547
268
983
273
270
218
722
292
672
471
473
676
568
332
540
862
311
643
78
796
198
644
261
861
481
221
143
558
134
5
713
35
102
431
370
553
270
373
263
938
158
693
352
527
329
109
302
64
385
729
406
712
973
66
641
512
971
486
206
731
330
516
637
302
348
960
68
962
861
642
461
750
736
992
280
856
257
917
816
356
700
252
474
755
192
827
602
167
108
185
553
342
242
229
575
20
432
964
420
696
879
896
897
378
408
197
624
993
574
559
474
347
839
745
110
699
144
129
501
545
364
318
973
899
436
268
540
83
347
757
495
234
181
533
228
20
584
975
501
102
679
172
645
231
731
97
157
478
84
79
98
250
723
872
752
757
628
197
364
373
560
922
18
24
7
20
640
223
274
789
363
148
619
523
593
547
530
698
742
341
251
744
395
704
219
159
458
234
544
240
768
397
260
833
438
799
958
71
179
252
614
99
373
277
391
841
204
501
506
673
986
923
423
44
994
818
604
425
272
69
2
191
193
978
284
721
480
931
402
853
753
666
428
189
25
960
534
178
370
352
675
235
993
338
696
40
319
116
125
342
402
429
802
992
838
288
747
336
301
421
722
335
592
575
139
339
293
332
783
886
309
582
533
684
863
19
229
761
773
28
397
93
781
961
994
57
195
374
545
20
891
249
427
425
920
363
711
761
268
501
414
738
439
357
323
927
102
283
710
125
842
415
242
156
791
487
891
812
351
895
11
490
669
858
795
703
203
598
716
161
280
188
681
710
108
216
934
756
636
823
897
693
182
385
278
52
159
882
191
15
630
365
846
709
235
518
808
837
854
426
80
587
321
320
649
373
904
791
210
61
741
206
989
509
142
358
770
209
193
935
548
331
783
96
650
803
29
22
937
26
323
102
535
849
863
126
456
887
759
960
751
341
288
221
235
714
883
273
985
372
180
575
229
430
780
393
144
91
821
769
374
260
206
226
450
285
214
961
963
466
115
98
433
589
717
28
297
334
251
468
217
510
655
313
350
565
749
247
805
258
265
93
383
606
746
682
533
801
687
256
25
972
190
69
492
349
105
60
978
974
747
802
32
289
580
371
505
507
701
590
5
951
748
699
527
457
251
314
162
192
931
94
868
213
641
605
873
326
832
816
917
706
283
238
606
956
971
231
395
122
37
156
51
510
733
89
341
831
692
457
304
16
307
365
312
689
884
807
574
153
419
684
541
894
12
766
690
801
413
984
622
386
179
184
610
288
848
915
61
325
358
588
862
803
236
366
485
667
414
62
405
978
207
508
559
108
456
105
148
5
603
472
305
266
686
86
887
879
844
324
731
708
344
813
754
424
475
111
478
875
744
589
984
61
17
998
41
611
208
116
985
13
589
601
270
413
743
750
692
369
179
484
221
915
576
63
322
6
523
433
790
326
528
871
604
603
312
965
744
792
906
690
544
188
775
402
335
77
648
731
58
344
9
480
307
767
945
147
797
333
889
952
742
181
664
204
58
68
3
922
204
893
742
79
358
311
56
936
204
778
69
32
389
206
149
992
126
632
475
985
114
767
314
452
685
781
317
684
679
479
313
346
9
794
348
677
345
328
797
823
88
451
531
677
671
113
989
483
906
378
13
852
990
896
513
621
698
868
220
351
769
92
318
140
522
359
338
616
328
402
158
524
919
590
521
631
201
725
574
662
863
322
169
779
297
619
779
837
699
323
557
405
808
79
920
252
120
711
404
79
575
697
892
146
798
867
471
924
73
494
989
833
62
536
455
211
994
851
575
701
554
443
395
653
602
103
346
599
400
971
32
664
479
908
726
425
434
28
207
852
279
497
212
731
235
849
218
384
926
740
408
527
474
44
553
618
380
796
358
439
849
79
333
950
407
956
294
506
112
591
274
847
309
899
46
236
859
559
592
353
958
6
759
34
497
330
480
556
936
267
354
375
610
740
819
750
16
243
679
896
486
39
980
159
448
356
9
728
404
425
440
377
248
774
628
554
478
956
614
85
498
246
919
499
355
916
201
534
951
58
628
982
880
223
476
258
726
691
664
756
943
411
772
28
118
602
497
319
569
895
543
386
674
225
943
543
424
664
247
554
294
538
702
508
707
880
32
229
295
413
549
579
736
716
799
248
636
844
658
215
75
454
600
768
791
397
268
73
43
790
31
328
165
809
171
928
705
189
684
403
761
821
504
582
547
397
908
63
298
813
198
370
959
57
40
426
968
707
311
321
845
604
483
677
601
550
597
973
943
274
842
29
502
306
725
100
410
135
180
676
875
335
218
895
667
527
63
688
512
752
449
170
260
345
143
112
744
256
975
679
410
162
342
129
974
335
560
499
281
129
783
66
180
43
322
659
486
876
166
145
790
517
755
23
90
967
658
968
312
35
864
702
171
464
971
611
684
335
807
358
6
981
869
342
577
388
114
280
826
22
8
972
599
287
903
284
247
489
515
958
651
761
267
176
852
270
958
770
782
664
408
658
99
682
57
550
835
178
687
307
195
469
211
935
706
149
181
783
439
766
919
373
731
122
554
928
263
638
695
83
517
499
817
53
256
442
247
488
429
566
4
514
899
503
536
620
94
743
386
654
79
828
958
214
4
365
405
102
381
922
258
855
539
24
8
156
331
879
614
417
862
279
194
375
694
568
374
342
307
968
923
590
201
67
920
176
637
329
39
153
316
753
141
194
628
208
162
749
293
13
810
391
999
188
159
601
28
302
135
331
761
17
977
784
822
859
645
11
230
525
943
941
974
893
771
855
239
621
157
508
130
222
172
729
57
240
634
330
259
261
233
157
506
663
571
910
324
341
837
344
435
49
413
901
978
970
287
249
987
916
350
448
394
225
28
245
276
135
651
139
719
484
150
445
476
465
940
704
779
918
881
491
372
648
74
618
246
504
500
88
140
358
24
822
797
653
149
603
720
773
354
529
715
972
639
727
566
370
24
681
885
645
350
899
579
493
202
963
917
703
490
169
942
694
391
878
653
867
348
82
199
487
208
301
88
46
488
773
408
868
79
857
540
405
962
381
39
447
866
509
315
396
88
363
998
334
16
961
251
478
294
633
365
864
810
558
68
826
756
957
400
770
203
978
960
21
825
2
234
246
820
802
596
282
312
892
746
91
842
269
150
952
869
232
649
340
337
331
454
82
44
879
356
172
109
493
591
478
630
59
183
814
418
475
391
932
578
539
707
502
432
203
262
718
315
321
473
200
13
411
800
367
85
689
5
271
208
697
843
819
132
183
30
909
642
815
758
436
628
577
439
408
699
791
360
293
769
800
476
368
960
92
708
261
861
521
253
798
80
961
106
63
74
998
932
796
582
9
755
482
543
701
658
545
704
694
738
867
514
41
217
488
877
989
468
774
488
662
957
466
594
875
193
537
239
793
302
220
976
515
507
497
243
52
92
484
581
790
300
210
49
189
182
179
887
335
211
64
540
166
855
527
398
189
825
907
83
30
448
597
327
560
535
536
453
119
985
417
398
649
102
700
885
830
697
293
925
133
473
622
397
676
614
699
24
940
42
850
665
552
889
238
734
183
976
577
596
823
838
822
515
158
876
23
745
114
492
893
40
854
893
480
545
926
420
947
838
749
617
869
260
227
33
542
567
75
902
732
295
577
652
509
808
492
842
441
325
140
661
931
746
796
953
494
156
848
849
922
587
788
830
394
86
643
625
287
629
420
888
442
938
784
271
94
634
521
283
26
590
5
214
2
982
582
510
569
809
83
52
499
542
137
783
181
367
162
156
856
570
422
405
784
767
782
48
957
665
433
209
102
521
403
165
446
327
427
821
259
939
462
48
290
984
242
404
613
130
312
342
267
916
624
378
711
258
318
529
166
222
257
341
803
824
435
599
692
377
270
450
944
42
180
30
114
866
866
10
824
928
54
944
411
356
747
213
420
236
166
630
774
605
416
671
573
406
814
902
743
487
993
757
338
135
728
895
927
329
124
899
512
707
523
99
112
541
444
475
868
746
640
55
702
790
57
362
348
347
438
644
424
76
471
245
751
562
171
184
858
765
838
276
558
731
155
360
56
799
779
569
885
716
191
881
175
418
329
490
766
43
773
681
557
350
886
923
533
944
76
204
298
558
620
448
633
962
759
605
883
10
714
535
513
897
106
250
346
480
749
627
736
311
153
731
596
168
258
310
54
30
917
997
444
277
253
125
514
152
143
610
543
801
813
920
5
873
161
789
36
777
558
951
229
396
105
574
656
499
283
872
839
97
463
416
71
204
847
628
919
573
622
170
973
537
132
40
221
707
647
695
992
898
926
708
795
546
515
732
793
279
787
497
41
898
150
808
342
744
426
478
723
862
357
391
972
236
851
774
18
554
731
675
506
416
240
454
997
235
136
187
592
488
711
70
86
614
266
4
348
317
857
498
741
757
398
242
927
662
334
230
553
97
565
514
352
781
976
564
747
325
697
655
174
753
623
174
337
305
184
323
451
225
981
964
149
352
808
645
480
774
882
555
445
803
433
789
99
885
185
566
907
142
443
237
10
52
145
206
931
725
435
678
615
165
475
843
635
298
260
179
855
879
271
224
847
126
300
45
38
352
195
574
564
521
314
237
856
423
198
786
299
590
912
202
833
407
912
740
329
197
980
5
85
81
348
381
695
257
243
487
258
14
916
529
603
709
745
264
103
845
469
48
618
347
738
789
363
879
837
189
109
431
548
694
477
711
684
64
793
441
438
462
970
204
652
234
770
940
485
754
283
522
609
2
440
377
256
555
135
580
416
897
595
2
131
458
53
775
334
72
207
989
66
882
631
399
907
899
332
695
414
99
622
607
625
339
119
366
308
487
101
342
644
825
809
897
541
318
168
412
247
793
879
40
659
529
895
95
659
297
656
734
467
106
785
285
516
440
952
830
314
858
412
786
148
306
94
600
181
414
76
330
288
519
108
983
657
671
122
725
582
276
679
299
748
170
72
90
145
658
103
308
399
960
276
152
216
851
662
117
957
74
463
547
180
996
552
687
585
193
514
50
291
222
814
328
188
993
806
451
439
420
413
84
12
564
431
930
893
161
955
650
945
156
97
771
605
752
859
830
303
726
884
675
730
809
689
390
137
103
596
607
681
576
939
491
637
207
596
138
154
610
658
760
553
421
923
22
829
379
863
226
29
777
739
284
64
940
95
207
610
642
961
763
653
514
93
959
281
584
992
312
899
127
808
985
682
233
134
319
990
771
293
510
760
963
462
171
84
27
66
42
327
692
916
478
601
727
255
48
846
981
176
734
953
521
341
966
860
807
49
309
274
574
349
37
54
857
316
491
849
187
724
947
258
514
331
5
365
192
478
392
939
518
83
94
289
329
297
860
26
975
593
913
184
651
935
997
128
905
907
371
816
13
341
55
774
423
391
928
388
338
768
265
383
359
188
4
927
88
948
820
766
858
347
590
939
995
639
326
122
874
134
447
251
671
293
990
208
934
118
848
812
92
139
781
490
499
522
476
140
518
556
922
71
701
176
15
209
471
810
911
860
530
91
733
600
396
58
951
797
504
128
580
980
149
404
31
844
373
665
646
584
166
796
965
596
71
670
331
801
774
534
582
340
601
345
69
274
304
800
303
752
432
649
32
225
255
795
370
760
302
201
55
344
613
219
601
204
746
92
353
260
952
545
9
998
555
632
549
627
321
225
520
822
360
590
256
485
897
609
553
372
226
976
113
206
466
491
827
717
420
546
524
244
616
132
244
755
314
298
983
439
294
616
973
751
618
683
997
905
24
506
840
607
657
712
684
192
765
239
222
623
400
638
528
44
405
84
191
383
799
576
21
835
946
874
534
299
439
669
656
165
868
844
89
657
491
393
299
456
176
667
68
188
64
424
618
711
244
537
337
11
92
830
668
84
72
518
643
618
981
421
46
541
905
944
878
87
549
248
37
50
264
899
646
511
349
775
328
888
893
108
448
201
863
727
764
386
336
826
654
391
359
169
36
633
982
468
253
679
619
574
117
990
597
368
756
787
110
784
322
74
842
539
653
688
475
136
218
865
154
57
403
714
213
975
798
565
631
247
85
859
610
967
410
972
248
677
500
460
922
240
78
754
809
77
368
281
238
772
84
254
887
635
963
534
808
752
618
994
477
760
799
752
726
871
711
640
519
252
997
707
556
447
815
608
958
499
549
953
283
149
68
21
971
257
280
71
822
308
115
354
107
971
809
852
676
724
196
126
682
723
631
796
882
782
92
120
888
957
189
250
789
301
354
588
926
500
320
413
215
165
981
619
188
559
320
660
262
354
337
292
86
305
212
323
223
600
197
930
147
801
729
390
779
127
392
694
699
835
554
642
277
239
363
467
280
381
361
538
925
380
723
738
474
720
574
900
117
124
740
297
350
889
768
454
587
424
876
397
40
520
319
620
913
50
426
860
652
694
809
346
484
975
959
385
310
116
245
429
321
760
968
217
133
240
584
871
326
487
658
278
596
841
881
356
570
985
313
475
841
365
591
881
509
836
50
937
883
138
69
272
336
979
110
192
26
182
705
914
359
288
489
197
498
99
193
935
469
199
886
245
256
372
783
727
108
510
947
947
502
14
314
779
824
659
122
554
712
348
871
820
73
374
506
143
918
694
640
254
612
455
358
974
675
767
453
951
371
767
527
593
317
160
56
738
685
943
80
855
361
728
254
624
232
39
163
967
604
662
794
139
675
233
691
68
795
849
511
698
201
341
165
390
526
801
454
257
259
533
324
2
574
972
704
16
599
188
156
109
434
781
115
123
776
666
743
898
295
88
553
581
754
645
918
844
135
654
853
99
904
337
619
633
685
186
877
793
317
712
137
860
309
162
759
631
931
526
298
656
422
760
437
594
447
73
735
844
436
8
6
849
668
721
614
974
212
558
842
878
996
337
970
94
679
928
952
396
565
171
363
419
329
823
610
802
344
180
165
367
676
755
160
503
231
159
725
727
651
400
433
377
448
339
921
403
982
320
769
737
709
400
880
467
581
440
243
972
928
650
835
842
401
403
989
480
24
793
390
245
598
969
437
20
951
216
193
804
249
240
4
308
380
140
788
334
299
493
625
589
168
490
84
20
491
138
628
882
133
338
464
264
62
243
514
876
371
530
572
497
85
703
19
28
61
942
490
931
457
485
29
483
329
197
431
775
295
966
136
946
2
535
413
471
142
335
146
210
952
362
108
894
992
130
216
722
855
627
446
711
176
785
987
728
100
388
943
351
388
927
377
607
346
19
704
2
487
47
12
679
547
650
240
989
733
922
976
892
518
205
812
255
582
306
287
445
365
444
937
494
388
133
53
219
600
275
418
372
763
582
237
560
684
505
708
184
321
227
1
622
734
229
118
671
542
733
247
162
41
230
966
163
777
822
415
488
104
75
690
505
414
448
373
463
594
154
703
105
108
572
939
719
131
235
456
165
205
212
985
842
394
590
989
203
678
773
138
364
514
4
526
851
378
423
944
351
171
557
818
43
161
687
548
818
334
204
321
435
385
774
269
683
359
12
877
904
361
332
671
419
793
953
793
219
858
278
15
583
631
976
748
987
880
54
964
8
794
201
272
114
117
163
502
381
56
367
463
88
3
827
476
524
593
828
693
33
411
264
150
721
831
494
943
690
961
378
805
494
814
318
280
401
885
480
816
961
19
282
131
488
867
114
150
95
846
812
720
305
873
988
56
424
360
89
310
895
628
150
916
468
701
50
279
614
481
129
662
954
687
930
897
408
666
805
568
439
851
971
977
524
523
780
578
820
177
548
453
38
429
383
470
375
570
814
335
613
556
182
91
567
100
147
281
885
618
90
243
77
56
946
879
675
49
940
549
623
121
99
251
100
371
900
856
198
937
883
645
428
874
516
277
133
35
901
584
727
130
493
648
480
79
277
675
951
23
139
474
670
186
177
730
376
592
24
315
970
965
577
396
504
19
164
135
661
900
686
914
636
517
812
505
460
6
31
138
354
596
567
515
298
534
708
225
408
631
377
331
231
895
161
220
953
29
214
475
435
618
746
76
714
188
596
51
409
269
905
304
754
555
659
613
714
822
820
301
960
5
1000
779
901
39
135
735
291
360
560
884
672
725
951
888
769
909
691
28
400
661
848
537
368
153
256
756
443
58
191
678
941
950
164
507
221
449
312
186
700
873
812
972
181
103
423
410
559
640
903
292
173
207
922
53
408
293
776
739
704
225
701
714
684
695
97
217
513
397
171
337
270
996
314
809
964
295
348
753
690
224
518
200
78
389
227
810
760
951
93
630
90
622
260
699
181
605
52
837
650
749
324
479
522
206
882
22
92
561
955
897
806
248
961
534
629
851
56
437
204
838
893
583
8
640
187
802
424
889
616
220
86
683
679
90
735
697
584
561
12
502
80
500
264
49
26
270
121
255
878
482
762
704
361
335
291
645
82
154
662
473
712
699
11
821
91
513
173
163
800
725
230
695
206
57
863
130
275
268
750
413
906
68
620
427
732
21
115
133
331
744
443
288
162
760
567
231
406
791
626
819
379
732
719
822
122
828
799
577
273
281
769
917
430
407
810
124
553
772
910
450
810
440
194
96
878
730
877
577
897
293
627
912
428
328
430
852
399
811
725
548
944
651
477
748
535
839
971
147
199
269
619
757
832
609
820
417
988
424
885
133
849
370
521
283
82
929
360
843
399
954
934
287
236
669
230
720
756
229
194
643
762
491
475
756
944
614
596
38
965
943
565
126
196
957
478
843
407
297
237
461
294
325
962
537
236
979
520
224
838
55
371
676
842
627
498
655
701
406
841
51
677
533
346
398
208
365
6
666
436
902
652
787
165
72
99
51
573
952
581
645
45
260
729
164
401
3
959
265
228
250
217
885
957
664
105
57
821
109
946
482
788
426
420
294
617
722
160
83
121
105
465
438
80
409
993
170
434
702
955
834
370
540
872
43
943
131
517
873
368
650
694
653
243
279
308
325
852
143
891
343
172
573
993
604
761
468
215
184
504
129
959
141
253
487
987
952
458
237
814
642
951
515
784
348
341
537
962
853
848
373
661
928
368
925
665
294
343
380
4
719
893
118
879
737
389
4
794
706
90
58
76
738
901
842
33
984
619
274
882
1000
529
840
651
759
681
964
955
114
833
660
639
190
475
785
234
827
698
184
916
442
234
115
167
441
256
357
754
353
782
126
549
628
978
603
947
271
141
405
391
995
67
242
418
712
492
171
301
609
239
533
391
201
122
954
600
879
786
310
265
317
431
81
647
586
42
555
662
414
609
791
864
500
383
70
694
765
868
629
167
599
165
969
950
272
585
960
345
237
438
891
139
267
797
645
53
623
924
20
9
208
841
593
934
253
201
303
261
305
815
821
779
62
792
546
319
375
902
956
80
243
975
923
422
875
620
427
362
249
593
881
216
83
485
410
106
695
959
20
205
388
779
464
434
543
362
608
354
773
360
753
620
794
974
752
747
190
889
152
807
889
24
153
650
120
541
20
143
502
195
572
304
628
592
757
689
617
178
670
960
356
400
680
524
190
89
977
872
192
82
431
317
966
326
981
771
782
757
169
637
627
332
393
986
503
364
227
849
980
926
709
874
389
178
891
263
28
580
906
29
125
783
591
223
632
263
473
216
608
25
982
233
894
490
452
368
199
636
554
759
184
778
411
181
975
214
914
216
80
568
257
463
754
529
914
837
484
116
285
3
615
115
459
264
758
296
915
168
544
459
566
559
28
446
585
324
961
651
267
399
241
705
347
922
333
53
62
187
919
10
262
653
946
729
306
288
462
4
229
586
58
136
17
755
713
856
219
981
459
758
879
686
871
534
323
100
563
974
606
296
485
230
385
963
93
926
361
75
973
581
523
669
203
442
847
744
378
902
642
307
517
896
931
865
743
985
500
25
691
337
972
183
260
430
518
797
91
841
592
19
139
205
350
497
910
387
284
848
196
666
387
241
306
941
639
324
807
400
211
274
827
971
577
744
633
829
718
769
404
986
450
677
672
364
9
153
170
180
324
240
237
595
436
529
279
516
766
955
322
99
18
127
151
240
209
682
492
178
955
878
950
175
280
766
796
526
223
333
741
149
357
286
610
847
707
237
449
9
795
882
150
788
14
699
471
687
864
863
682
628
316
718
564
121
875
220
231
748
540
76
475
917
101
731
650
877
993
805
84
21
353
694
172
698
488
326
955
368
599
847
514
669
963
741
77
808
173
802
424
432
519
812
15
899
457
348
262
789
434
379
50
395
131
100
861
59
720
199
587
558
486
147
835
960
871
945
990
984
649
718
622
589
350
514
642
2
220
35
252
573
372
322
540
799
294
819
229
945
567
404
765
807
75
803
706
725
691
870
861
644
922
285
89
132
295
858
943
473
731
442
589
956
876
450
873
105
924
438
244
727
619
757
553
403
753
176
680
471
146
834
792
767
587
744
212
510
411
590
214
870
352
453
582
300
182
314
616
23
250
884
988
897
787
633
820
21
204
733
173
186
50
646
844
510
223
852
157
591
358
874
378
269
312
662
16
481
960
639
865
940
60
43
89
242
761
880
535
651
798
447
914
631
683
381
405
681
816
797
948
174
560
689
624
80
566
706
994
868
409
980
362
325
676
710
343
444
383
202
67
498
857
443
530
620
106
306
960
493
398
898
310
12
596
906
230
397
703
517
648
626
205
242
170
853
72
490
811
179
75
204
374
989
338
939
929
332
199
869
294
185
710
446
161
877
771
455
833
793
750
275
285
128
27
727
170
66
739
154
785
323
108
612
738
454
329
494
891
767
198
230
279
315
398
718
523
840
22
129
596
945
792
680
274
928
36
682
475
644
922
355
473
579
446
294
407
645
530
873
932
964
111
561
306
828
20
276
996
158
607
233
201
152
519
271
151
919
365
60
294
520
699
538
357
772
812
78
338
1000
794
615
131
398
706
340
745
88
551
475
964
166
84
110
687
417
62
448
51
514
596
61
545
659
575
74
751
904
238
772
697
505
452
71
417
495
276
666
780
416
920
315
650
791
325
238
549
985
474
9
540
517
485
744
29
477
336
175
245
175
422
481
221
257
774
999
733
414
875
477
111
823
893
20
714
595
221
450
116
512
513
749
69
874
588
516
549
821
801
36
524
871
493
955
270
674
567
371
333
837
647
482
697
686
529
273
420
246
395
916
342
135
26
667
543
933
300
29
769
433
467
824
904
956
167
598
607
245
445
251
972
452
799
807
633
856
884
211
561
624
44
497
227
832
86
931
51
167
621
332
987
657
163
494
148
776
55
187
729
518
959
279
217
32
153
94
968
846
701
72
625
698
817
529
70
644
295
848
747
52
130
634
873
798
48
692
716
904
551
112
669
986
613
209
783
80
563
290
192
367
837
468
304
462
853
787
991
929
979
453
62
407
253
195
411
869
212
650
61
982
277
983
289
823
222
769
854
999
792
101
834
743
115
348
310
873
341
160
526
102
715
920
986
965
686
794
614
39
12
660
103
465
98
937
496
454
30
355
910
734
587
563
949
597
539
260
276
442
617
368
723
431
406
340
181
6
399
668
906
215
25
49
277
406
147
728
490
280
812
485
393
163
700
476
470
269
636
186
291
36
120
113
270
844
195
547
707
351
879
4
805
718
562
369
696
63
126
735
464
350
979
228
74
843
307
624
607
731
800
668
62
247
874
965
419
738
168
893
652
739
629
46
375
33
75
430
330
863
602
479
481
271
676
791
836
24
725
596
661
515
483
637
142
921
165
577
151
67
1000
189
193
331
636
726
644
347
15
833
492
694
988
653
674
559
311
411
830
68
248
658
754
50
450
97
918
728
119
718
33
532
377
879
559
186
561
401
787
600
335
206
861
414
332
303
845
794
361
137
780
136
74
788
625
992
419
935
795
964
166
945
960
381
973
659
881
662
714
600
542
90
629
82
256
684
763
288
426
797
765
33
793
637
869
490
84
617
185
888
314
628
99
729
150
251
290
209
785
919
725
330
840
412
391
929
440
233
25
911
1000
331
123
172
989
925
505
518
671
941
967
685
819
701
231
685
735
822
617
113
447
309
372
799
987
641
777
429
380
269
784
186
48
387
116
213
506
11
473
776
888
454
509
501
575
295
351
825
353
714
358
743
66
882
715
943
387
181
26
909
715
487
890
888
601
852
361
516
21
791
627
308
724
106
89
970
434
555
605
682
295
499
606
673
488
621
975
872
408
335
901
686
211
223
748
554
949
768
701
834
236
844
946
53
33
698
895
769
510
913
812
370
731
613
842
62
775
337
392
517
609
376
949
954
40
399
664
762
159
51
18
664
431
102
506
336
166
344
66
559
394
555
63
910
831
931
147
66
903
789
445
914
62
813
636
186
334
956
819
226
63
860
191
829
378
627
122
571
157
506
454
591
932
702
298
202
701
151
607
918
43
552
405
404
959
261
179
695
692
634
747
64
905
100
245
26
69
612
740
526
412
348
804
897
364
157
556
652
742
200
564
878
207
540
608
535
951
60
602
884
43
694
316
944
180
608
275
323
812
723
933
50
446
212
730
195
913
184
547
597
461
553
63
731
192
632
802
409
776
9
940
574
98
841
361
338
224
163
728
742
210
693
157
910
441
737
89
161
221
725
815
447
532
343
182
699
626
770
707
557
673
435
183
700
368
931
335
285
779
396
897
225
101
616
309
738
487
881
996
980
80
477
155
999
560
74
647
300
887
561
230
279
141
870
985
144
965
337
127
656
413
994
783
533
103
655
158
721
129
161
770
628
871
999
651
846
840
804
744
710
121
113
20
855
689
288
684
514
916
288
550
686
234
528
206
339
129
695
951
33
299
714
696
977
461
847
488
344
854
967
400
271
465
995
115
886
811
783
408
449
363
737
698
148
290
144
934
89
841
409
528
921
351
790
960
83
578
103
340
457
179
985
509
470
440
389
267
133
447
333
716
886
285
573
394
753
912
225
912
444
463
705
948
795
446
580
321
102
703
74
869
269
191
961
520
288
383
219
829
856
893
320
251
514
95
65
844
886
589
76
766
941
351
553
648
431
262
414
382
707
888
704
560
752
374
47
962
312
674
636
957
601
742
748
503
736
23
962
687
124
38
294
411
135
678
957
393
743
908
878
99
121
488
274
599
416
997
588
71
698
144
612
580
483
176
653
287
289
820
987
950
2
3
471
54
169
59
680
412
418
764
420
828
672
791
90
196
318
55
664
223
691
871
694
757
318
645
631
439
555
121
992
165
673
334
582
717
800
575
599
741
539
786
184
951
16
694
304
306
198
966
625
9
833
927
800
245
949
28
962
600
732
898
133
650
696
182
256
671
836
783
52
995
434
181
188
900
829
257
726
263
908
236
851
813
205
286
171
658
117
744
683
635
234
295
1000
362
224
682
109
80
290
427
679
192
520
123
789
644
355
950
857
695
606
886
218
116
134
999
880
873
857
715
748
2
913
299
427
168
982
557
49
465
335
500
733
721
293
885
901
280
571
755
533
679
664
331
892
412
371
732
92
397
273
73
465
813
324
563
187
983
381
829
305
99
614
708
660
380
679
728
257
458
878
668
279
959
610
150
500
757
762
377
558
284
205
306
169
83
699
75
968
396
811
739
936
780
306
59
403
231
443
730
477
810
988
234
815
71
379
506
515
525
49
592
467
645
146
3
921
602
534
382
755
316
457
245
206
429
262
378
874
871
534
446
72
886
639
1
937
961
614
127
25
154
613
526
802
890
881
575
127
199
230
140
993
149
224
237
488
517
148
685
74
368
80
176
557
305
99
382
642
197
656
787
103
202
701
911
596
86
46
990
127
339
880
987
459
33
401
211
731
138
912
377
646
904
238
58
795
943
216
750
749
193
249
393
904
678
342
356
474
891
429
76
256
112
439
131
636
685
871
103
422
922
136
193
435
561
369
761
199
739
259
694
244
101
920
20
907
784
476
156
460
168
507
863
308
824
271
245
927
995
429
995
694
939
2
456
871
972
896
794
877
228
712
345
689
897
450
543
147
834
889
228
592
160
262
267
601
112
620
74
819
379
225
897
848
19
954
805
299
663
107
375
509
667
443
742
999
912
646
117
323
748
17
354
289
628
810
721
210
874
85
608
45
392
101
660
305
906
177
558
608
926
493
946
302
85
895
586
81
974
450
183
365
882
477
3
502
2
660
807
68
803
557
62
177
611
594
103
560
817
726
912
108
828
1000
226
342
160
506
629
947
462
769
443
840
892
341
254
805
917
249
987
164
706
76
932
354
790
774
120
171
969
682
683
369
374
850
562
507
87
528
205
176
585
52
202
156
314
667
252
766
990
68
95
387
446
716
541
195
849
280
138
708
682
895
422
22
56
769
929
876
483
780
551
696
484
530
956
676
368
957
225
772
234
266
90
505
206
465
123
832
514
431
470
889
735
833
358
586
12
419
654
374
44
449
110
587
289
518
893
448
896
630
119
920
882
73
845
699
416
221
740
195
97
828
955
171
621
506
811
30
158
353
369
289
452
947
827
265
247
78
609
863
281
389
991
825
195
468
275
410
920
65
426
626
820
175
237
341
268
564
781
967
19
658
829
492
395
522
7
931
898
22
411
318
443
450
655
121
792
66
36
400
725
415
497
146
309
364
831
357
647
993
931
117
908
430
776
54
494
365
661
5
220
177
696
505
305
666
607
522
372
815
297
602
494
78
398
301
465
551
405
467
675
259
630
133
137
221
717
800
990
920
809
743
897
919
58
341
956
753
573
890
785
132
929
566
927
657
45
494
141
170
735
150
273
305
528
558
324
654
997
721
259
563
301
340
691
47
710
43
927
448
162
734
99
913
462
111
631
632
270
783
283
872
290
692
839
52
257
784
673
791
910
680
678
57
671
866
568
162
692
567
449
130
26
379
526
283
927
587
310
620
824
302
238
197
685
537
683
556
426
362
839
50
927
492
502
998
114
826
22
678
895
965
469
275
420
826
695
983
232
719
394
904
267
836
356
828
863
290
914
257
991
784
192
682
652
962
250
981
141
924
112
594
899
605
202
601
267
750
584
198
46
574
526
171
342
219
290
448
112
964
4
544
594
902
780
764
737
331
295
846
933
405
907
710
439
215
667
368
831
1000
920
720
91
403
158
610
360
259
257
639
548
65
933
546
508
945
777
141
482
724
691
725
539
95
899
375
977
807
692
655
973
261
815
162
692
411
224
696
162
870
662
203
179
341
464
533
877
605
322
823
70
323
265
35
794
933
985
16
192
816
746
862
391
852
263
895
856
869
151
631
738
166
488
256
291
731
372
640
547
549
211
788
991
171
416
194
710
888
480
900
768
716
619
299
731
506
694
559
745
305
493
681
599
752
26
168
185
86
605
787
89
395
336
595
705
441
691
947
327
406
74
564
646
548
771
240
828
321
770
486
41
270
394
327
932
589
505
59
487
952
290
404
492
952
689
439
889
252
549
907
417
955
277
384
753
812
843
868
794
724
247
807
264
448
145
549
579
761
182
184
330
708
138
312
957
987
360
112
901
61
135
948
856
594
902
979
559
402
439
450
402
713
229
340
40
147
552
293
375
421
213
284
663
149
772
324
2
551
202
574
716
761
970
643
253
387
937
106
110
742
854
857
773
901
467
283
221
761
173
800
912
807
324
495
979
40
162
929
10
247
483
31
335
179
736
133
196
803
989
996
666
496
416
644
102
218
805
146
756
81
744
289
979
555
217
174
159
15
310
497
736
764
121
470
928
180
398
84
342
27
427
491
329
790
115
933
532
824
546
152
338
597
649
553
840
108
880
860
320
558
722
276
45
37
19
766
228
855
180
652
708
286
587
620
707
941
641
721
503
374
403
456
356
123
262
629
80
852
708
198
937
190
977
212
111
637
569
859
480
520
676
957
659
181
658
645
184
676
400
955
228
188
719
534
39
216
493
532
193
235
655
218
808
356
892
342
446
737
460
668
152
597
958
219
194
426
474
261
788
223
814
46
478
389
970
701
189
765
426
362
733
209
402
597
161
977
672
404
576
119
864
939
526
871
174
619
403
290
165
462
770
326
243
694
344
859
88
616
911
148
779
336
803
725
27
819
788
649
409
945
758
52
446
63
85
260
463
608
655
23
317
558
682
334
506
310
985
404
210
137
266
9
980
249
247
124
188
150
839
531
907
26
813
672
149
677
929
34
117
538
84
205
189
322
498
253
696
744
133
625
664
893
663
386
434
912
949
279
61
514
296
674
434
770
904
137
969
825
907
259
765
195
307
469
116
682
19
206
842
852
396
750
748
168
103
653
120
553
823
666
430
304
114
647
560
196
793
634
902
974
61
337
370
564
276
329
596
921
690
281
418
494
452
426
845
555
348
668
194
385
405
450
324
163
585
728
326
398
863
770
810
18
704
487
977
221
51
427
475
784
245
60
965
823
178
280
302
546
800
345
639
13
820
171
77
9
421
323
222
930
43
720
495
348
199
440
607
876
804
533
666
499
611
20
336
135
593
959
843
573
533
675
695
587
933
172
514
576
734
843
116
103
877
535
311
555
219
588
572
827
11
823
730
715
340
59
677
894
373
860
154
785
922
314
286
74
750
99
852
8
746
739
956
540
766
189
547
48
849
460
587
821
529
47
633
100
596
580
111
427
330
489
517
899
710
876
272
471
197
638
76
196
97
234
942
635
864
94
223
897
23
401
341
931
852
343
13
658
23
793
143
67
521
731
855
309
72
634
636
599
301
297
921
667
844
490
887
874
419
267
269
967
149
49
877
630
216
757
978
608
795
319
605
763
84
723
638
87
733
953
719
272
500
131
216
366
526
334
555
523
218
800
262
437
709
636
605
801
889
72
181
574
248
434
839
970
833
838
994
502
342
996
293
970
778
363
92
469
553
130
649
353
449
696
442
394
383
170
829
884
9
134
300
936
175
77
373
587
972
601
315
907
14
457
722
634
965
325
308
248
401
883
547
731
579
360
800
57
512
844
462
869
697
530
15
457
693
444
988
930
931
213
161
597
866
315
3
292
972
72
211
738
149
291
7
878
297
592
463
166
393
194
687
919
810
784
202
668
143
535
69
134
773
662
363
90
296
662
66
126
640
341
38
421
688
237
378
739
278
218
105
917
419
39
802
473
805
569
579
997
41
58
289
939
443
296
915
530
656
848
214
964
657
122
750
938
319
708
756
698
420
86
467
928
793
13
621
829
314
776
92
824
636
231
710
902
403
436
524
864
175
767
788
464
476
706
889
145
807
998
984
68
1
10
524
915
831
320
621
232
648
102
659
923
719
85
535
960
356
64
353
744
676
206
218
696
891
102
537
891
386
241
130
352
952
144
138
638
520
951
955
735
777
944
786
527
159
536
714
409
370
910
201
299
854
784
909
306
356
986
636
617
350
684
106
999
713
739
922
602
656
572
472
175
937
153
299
613
497
917
682
532
610
366
91
53
977
853
676
302
902
596
786
79
725
824
944
965
435
304
818
552
761
500
226
648
470
301
597
662
948
423
629
674
605
687
314
252
143
795
245
969
198
876
608
753
384
474
535
614
425
437
619
12
522
816
541
949
291
134
994
395
628
844
984
541
539
334
234
922
78
486
613
365
438
168
236
941
831
741
57
590
630
859
418
755
821
914
889
2
476
421
85
167
745
406
182
882
405
836
531
265
989
357
315
920
948
562
961
680
177
124
493
404
155
692
539
327
926
644
250
758
662
142
658
569
272
940
547
885
430
308
528
590
950
796
30
319
534
133
274
700
681
213
976
396
221
141
5
30
887
597
948
359
996
39
297
497
989
384
581
805
769
492
989
704
788
153
968
977
959
807
369
960
757
19
481
972
404
187
887
246
846
252
191
341
800
232
315
273
579
607
656
995
139
64
961
126
193
557
145
284
901
506
805
234
17
933
362
754
53
564
999
548
190
336
301
1000
32
411
709
394
912
863
7
503
534
294
906
325
211
928
277
716
799
974
964
124
413
669
183
920
244
456
624
730
688
177
88
55
161
464
151
856
433
868
959
416
235
330
155
411
657
458
918
884
566
12
80
90
557
801
678
876
164
125
130
425
668
72
244
142
850
505
687
18
949
165
197
35
1
67
251
615
84
981
949
767
510
533
627
428
685
312
572
491
536
203
460
982
960
993
308
234
683
378
719
376
988
929
294
264
563
216
203
387
593
950
703
89
334
358
725
148
641
858
813
184
324
622
191
652
456
801
516
346
5
537
53
148
243
358
485
913
569
950
315
836
863
987
356
732
156
730
867
819
453
283
247
639
130
55
32
100
617
138
446
990
799
819
89
961
975
209
716
189
253
717
579
489
710
958
209
883
150
535
488
928
702
840
863
680
210
520
70
631
597
591
756
517
650
132
676
444
297
349
852
53
10
57
124
718
696
614
586
52
340
861
14
500
85
838
343
900
447
358
38
402
83
773
625
571
793
42
551
160
243
20
24
197
516
564
575
758
814
738
180
16
159
483
472
620
988
312
929
735
510
446
336
460
579
545
559
882
205
670
66
96
596
525
877
470
584
184
95
525
869
734
218
292
145
22
492
808
827
8
370
46
124
203
4
332
103
883
876
420
746
768
39
165
249
735
104
784
984
610
453
520
215
495
849
434
96
967
550
347
680
83
397
262
522
911
642
90
586
492
210
606
468
826
249
652
574
254
898
315
259
880
602
488
63
804
394
11
852
979
904
717
672
498
217
796
200
893
318
291
554
979
156
441
986
453
878
340
752
95
705
448
949
376
377
888
500
785
848
781
227
98
763
907
226
78
318
498
246
835
277
880
591
252
113
989
560
281
151
863
511
119
473
410
892
891
803
365
83
331
989
828
481
343
31
273
780
906
222
349
118
632
15
749
361
206
903
282
469
699
167
825
230
861
166
139
881
313
537
957
225
877
529
312
713
888
278
449
986
75
753
8
786
108
797
976
48
153
610
636
393
116
649
863
387
750
612
318
432
246
178
659
295
316
53
626
217
951
673
575
832
592
619
508
524
928
331
604
211
575
188
255
291
40
250
472
455
207
861
218
866
454
120
783
697
940
455
740
134
214
928
308
81
37
541
29
499
567
994
744
413
177
171
187
474
762
962
733
991
543
250
625
265
822
840
339
449
73
271
779
669
573
396
491
56
615
685
183
726
247
429
582
149
733
256
618
405
359
175
643
779
661
168
39
371
959
892
618
465
49
726
747
225
696
200
414
898
151
107
94
973
930
308
159
220
183
262
605
758
872
167
583
501
793
429
744
68
406
105
276
568
740
69
534
262
134
521
858
817
937
957
187
615
839
242
484
32
972
700
150
664
947
755
546
296
235
141
152
682
678
244
869
100
276
745
988
967
384
985
385
137
892
369
367
863
596
189
732
979
986
399
809
409
316
94
875
181
708
493
459
411
122
364
770
628
512
584
244
372
174
701
258
150
819
670
398
1
457
434
726
327
573
214
395
442
712
102
859
889
599
767
98
306
831
584
340
586
170
593
218
117
559
765
56
197
853
298
770
794
719
63
508
481
117
361
891
256
297
655
311
542
920
665
920
283
452
852
746
781
250
102
824
281
560
396
520
212
841
147
330
418
763
6
726
753
783
649
142
364
256
498
278
339
32
467
730
494
290
181
634
780
139
480
238
107
755
620
548
992
582
183
436
733
499
28
622
287
409
944
204
616
424
938
807
412
550
452
757
381
549
836
672
762
213
859
677
200
619
774
716
944
87
721
369
196
873
825
929
441
382
360
187
540
76
281
878
704
674
102
390
696
444
463
65
119
9
972
962
693
147
486
734
929
462
116
576
280
116
262
900
524
168
733
826
540
278
136
719
744
480
450
466
779
631
419
404
178
486
767
617
295
842
177
156
466
358
45
940
584
179
682
665
182
773
24
820
789
445
423
620
623
890
383
938
279
216
438
382
186
289
82
784
262
48
97
738
862
51
323
327
850
264
650
626
90
96
888
866
369
430
603
159
257
73
233
765
750
236
900
676
944
635
514
100
268
108
71
890
279
957
135
548
890
639
423
255
449
565
314
339
541
706
775
378
53
568
67
48
733
123
663
250
535
978
370
809
982
725
84
568
135
549
22
980
553
829
905
153
363
146
435
366
492
186
29
317
282
630
785
4
251
237
728
390
392
879
572
319
594
235
453
804
887
22
388
422
456
380
183
138
544
28
290
172
39
755
89
29
859
630
665
467
247
899
442
139
225
733
472
130
461
120
175
138
341
242
570
826
505
993
999
24
95
202
214
124
847
542
740
839
987
497
660
233
254
1
109
265
355
137
186
557
522
939
435
732
475
673
689
507
34
903
