340
745
745
423
749
39
135
702
547
497
297
357
613
291
311
779
467
7
55
179
519
93
103
410
580
457
564
392
88
401
179
752
222
782
857
89
496
549
916
20
493
989
775
248
949
548
638
760
107
520
175
994
127
775
800
124
818
698
685
657
94
436
437
572
241
386
8
369
244
821
411
797
681
813
204
325
271
971
971
65
829
295
934
424
127
246
345
451
479
915
613
784
382
879
539
799
95
480
437
100
410
756
401
462
46
648
182
961
64
326
892
573
115
777
964
245
883
727
503
566
154
181
808
968
119
732
710
526
687
561
147
604
123
243
498
979
449
543
876
689
823
248
668
851
401
405
947
111
3
502
96
59
84
118
304
48
985
911
120
874
746
503
124
372
173
471
105
872
371
532
181
474
913
639
313
425
975
294
637
866
482
446
478
898
599
641
263
26
154
616
867
534
930
309
784
24
813
559
982
502
120
609
110
769
706
711
75
378
941
452
758
443
170
4
213
991
298
885
493
274
89
332
601
540
95
889
675
399
1000
856
42
47
679
786
152
750
377
760
399
933
229
343
620
928
704
927
344
918
516
492
48
958
907
872
841
737
682
413
397
11
700
762
231
605
831
835
489
233
855
414
429
706
367
486
700
866
476
878
84
279
603
438
569
890
316
147
463
599
109
378
213
703
453
319
591
55
840
37
411
824
889
242
88
1
331
912
519
626
904
531
246
224
423
896
871
168
711
967
94
786
771
635
826
52
9
464
346
918
503
977
233
540
79
437
116
152
30
99
935
304
782
920
20
935
997
739
107
911
82
385
991
782
384
399
521
471
491
533
479
966
221
112
538
75
618
926
474
868
521
792
559
425
409
107
972
4
141
262
89
564
921
410
187
603
597
725
484
738
778
727
791
670
271
197
881
371
311
349
31
765
910
198
79
85
724
737
912
711
601
662
300
384
519
177
874
857
470
918
462
268
542
35
415
230
501
509
949
198
19
650
298
168
285
638
288
265
261
136
988
412
893
971
811
832
574
85
228
194
80
601
156
174
176
879
550
199
125
265
943
361
729
254
193
400
161
276
118
626
72
883
955
132
9
943
997
462
932
341
781
245
426
389
130
938
432
943
418
982
749
502
81
174
231
573
919
28
476
315
962
521
638
895
381
652
506
244
244
557
994
14
72
284
70
174
741
803
158
507
179
723
765
260
109
276
424
777
385
790
631
199
112
876
583
381
787
326
69
738
121
229
440
483
912
485
669
324
611
638
513
853
80
873
971
150
923
545
23
929
29
187
769
328
983
416
876
932
639
71
292
30
442
667
319
739
648
762
606
185
157
284
142
785
74
692
570
77
399
196
713
866
882
295
18
367
811
634
203
623
770
339
457
279
328
672
525
794
421
448
271
651
941
896
893
784
589
258
711
326
937
867
502
714
198
801
487
249
140
137
557
146
341
399
369
481
604
29
115
847
915
637
598
726
801
952
214
952
768
359
112
120
179
813
680
892
650
700
255
884
461
406
68
57
61
418
634
689
543
723
488
499
740
667
992
735
103
32
89
169
616
826
159
510
962
314
79
927
536
320
95
606
124
444
601
752
766
105
733
769
193
193
822
990
669
92
233
892
99
827
398
123
168
711
238
478
994
954
97
868
598
967
271
960
617
452
470
971
167
586
138
142
385
319
337
995
508
758
668
856
327
727
519
668
385
235
474
309
884
602
800
724
208
628
64
743
387
700
693
106
681
158
900
421
135
554
586
1
475
622
518
329
900
224
444
300
149
80
457
617
254
132
434
645
799
933
441
445
749
164
518
722
330
815
270
366
981
682
37
784
516
183
704
642
32
849
176
604
177
717
816
948
11
176
428
632
6
908
958
305
574
852
552
458
959
742
917
434
336
364
607
854
913
315
622
641
980
939
26
383
288
286
316
687
326
492
13
12
674
224
834
91
431
999
722
184
280
14
782
418
676
638
583
446
184
950
923
213
798
6
74
187
490
579
843
367
527
520
438
562
944
704
505
311
461
237
388
716
980
764
321
695
238
445
608
105
412
183
751
630
312
441
18
926
16
604
459
590
433
235
803
678
526
470
841
641
592
862
616
647
462
268
500
301
636
845
977
84
567
515
959
217
622
647
501
694
202
755
194
258
981
806
826
842
862
606
372
287
703
495
853
365
986
750
324
238
807
847
284
226
269
148
272
595
385
581
184
130
434
647
436
197
55
646
911
940
851
173
999
101
804
669
843
894
12
512
177
555
341
127
975
261
788
213
955
64
762
739
448
315
193
596
112
976
851
758
343
386
297
158
734
322
785
621
146
477
331
96
220
7
381
720
552
888
570
367
935
303
959
989
902
11
232
60
8
886
311
710
770
325
496
308
92
63
712
967
481
756
672
709
102
203
14
28
547
521
977
949
174
198
878
699
224
20
841
558
683
642
241
606
919
282
361
511
654
543
356
458
465
967
238
946
833
441
681
868
885
22
173
741
491
403
405
365
447
548
834
340
487
804
812
971
142
469
524
70
855
915
665
748
609
670
962
502
191
679
667
548
128
205
210
631
684
103
109
8
520
816
735
615
788
296
567
959
909
906
708
549
895
883
745
477
510
560
193
349
586
957
663
185
913
517
140
320
824
851
82
242
340
983
538
604
83
505
501
741
246
389
56
786
861
2
770
320
405
515
25
454
862
476
602
181
913
321
96
878
877
562
408
480
146
621
520
881
445
465
95
715
979
153
329
523
676
377
54
458
280
508
554
655
245
602
337
471
390
89
619
192
307
419
615
341
723
40
223
833
815
105
683
672
958
247
110
797
144
291
570
874
799
319
236
979
626
602
894
632
598
299
465
531
880
526
545
180
875
797
792
484
556
566
62
191
825
868
687
645
594
653
211
681
298
207
504
587
790
835
14
294
921
919
426
640
259
433
150
424
117
470
360
90
266
575
2
523
241
217
912
488
269
154
694
629
232
330
449
329
342
517
54
398
736
823
356
991
583
628
398
296
418
1000
323
823
764
931
731
346
446
948
525
282
46
203
227
560
473
412
178
164
191
827
797
702
127
940
229
195
536
486
298
770
558
574
841
959
528
232
95
431
482
251
794
205
739
651
371
319
365
577
996
790
487
401
426
337
6
7
580
820
34
840
632
820
592
180
386
4
228
104
247
416
123
56
89
457
313
597
569
872
975
642
641
463
104
728
438
865
948
612
115
343
721
495
321
602
983
227
357
124
130
602
202
341
274
556
537
28
959
20
602
800
739
787
729
642
973
867
746
74
961
320
862
770
22
373
601
807
181
55
386
815
68
901
351
692
609
216
936
767
784
307
406
813
146
27
248
586
896
487
470
192
882
21
648
267
938
578
202
700
864
3
328
476
132
142
62
39
956
112
93
531
53
158
570
748
606
539
522
1000
907
778
987
772
243
22
437
761
21
964
502
52
958
804
268
793
720
572
475
185
495
633
879
175
190
451
7
819
686
55
135
367
117
998
1000
213
634
3
792
294
341
778
344
19
46
536
932
322
555
157
964
732
466
83
44
510
769
333
372
282
748
644
86
12
247
655
471
1
759
355
473
207
932
649
480
285
918
666
288
951
124
474
899
293
510
578
726
562
251
829
913
234
202
952
831
442
297
216
380
409
762
492
285
681
298
183
515
957
272
899
555
181
205
944
45
647
616
191
779
137
502
260
612
649
60
440
547
807
395
995
691
893
328
479
914
876
330
963
394
929
582
735
169
367
556
341
269
915
111
276
466
830
170
204
296
57
481
878
221
609
793
334
52
242
377
454
990
537
297
431
515
75
139
49
627
698
691
270
888
810
180
371
961
801
284
926
303
583
155
217
365
336
734
305
707
810
290
542
721
325
47
86
225
481
395
520
453
49
959
739
257
86
141
265
914
665
201
695
962
264
720
79
435
717
754
358
573
983
596
378
714
489
156
558
872
141
953
423
288
190
574
661
441
679
617
522
628
383
811
295
96
711
58
130
583
930
506
860
948
115
52
181
77
987
670
749
477
626
946
709
346
830
763
895
64
439
227
277
533
332
146
413
123
8
834
705
354
128
990
655
143
163
1000
387
333
803
763
111
270
911
278
855
941
219
765
383
396
755
784
850
226
152
719
525
546
890
486
500
262
205
158
29
293
98
22
874
477
940
883
286
157
462
647
566
942
434
576
713
661
381
999
948
545
142
937
328
664
823
40
633
589
336
164
53
827
859
946
83
409
260
490
486
195
884
326
902
486
469
109
172
158
250
643
482
845
344
917
578
2
958
79
249
79
250
165
788
135
625
659
380
570
352
778
312
626
984
660
54
480
716
560
457
993
666
192
933
8
227
142
404
320
10
365
389
168
373
854
977
441
195
662
879
364
955
680
35
888
659
27
148
569
420
103
672
65
373
436
724
373
841
202
793
721
613
55
945
963
411
596
471
248
571
990
992
64
692
145
549
327
744
80
491
155
939
851
343
897
408
623
769
12
623
146
788
853
501
71
472
714
522
948
786
467
254
352
672
273
991
326
900
352
998
504
975
823
19
407
72
427
751
813
242
719
945
627
80
699
358
942
33
244
142
127
978
218
945
619
931
45
361
372
778
984
824
376
190
407
263
248
222
60
703
848
306
237
553
107
743
886
576
290
292
895
133
272
509
16
48
233
515
852
739
785
760
571
178
14
629
719
410
445
600
34
638
206
522
589
678
129
314
694
474
971
16
150
334
160
235
92
544
864
804
599
945
8
142
837
961
147
831
173
133
790
829
782
30
672
46
339
173
431
718
591
835
632
53
1000
542
288
162
23
419
638
527
26
142
764
224
602
288
686
701
560
727
146
51
959
433
371
939
346
348
123
217
30
984
594
87
841
471
248
464
262
627
406
610
143
373
587
423
847
343
115
341
412
479
171
772
189
186
350
147
126
728
208
542
660
427
391
13
65
832
944
798
426
585
325
153
704
478
505
577
338
828
316
708
14
673
815
532
107
988
857
685
316
115
74
111
471
965
214
325
175
827
28
238
406
561
254
158
60
185
907
815
618
242
344
503
134
200
41
484
737
447
99
755
688
539
632
997
541
603
262
998
605
422
870
47
498
996
964
386
923
909
433
659
42
582
693
194
646
348
953
406
457
339
422
109
775
11
699
723
417
225
403
769
513
734
884
512
578
280
735
714
457
404
984
458
117
334
667
413
500
188
92
824
21
661
400
520
492
429
672
791
830
823
270
189
675
655
537
838
589
150
681
183
254
717
300
577
814
129
388
977
317
616
113
467
838
78
963
373
417
633
144
457
900
963
645
953
317
902
602
833
214
643
366
423
510
5
9
885
111
953
107
68
587
259
835
206
3
361
578
389
746
361
686
678
644
431
877
12
708
776
648
932
612
504
866
540
386
94
793
931
770
763
627
925
110
120
977
860
647
280
544
302
713
691
753
225
726
770
490
269
918
454
224
58
649
757
850
187
244
190
246
802
705
280
522
919
424
272
276
720
673
835
860
256
427
181
816
836
146
716
426
323
470
224
468
577
826
982
625
497
302
350
296
590
987
93
106
698
528
874
641
620
443
336
359
286
155
447
755
492
544
970
960
604
509
331
672
594
920
126
885
761
305
23
986
513
888
69
599
680
668
81
694
389
735
630
787
804
233
282
635
491
245
837
596
332
104
34
785
194
978
774
102
300
971
323
393
308
784
785
418
365
647
437
338
434
762
27
520
221
791
115
615
496
480
516
150
975
332
115
70
583
319
694
470
177
436
324
337
365
27
462
830
258
963
610
895
485
656
440
460
366
467
772
861
471
581
123
488
399
15
783
305
108
104
301
720
258
244
489
296
95
693
480
736
451
206
200
829
134
449
669
30
412
726
327
422
972
70
676
199
140
548
617
328
14
752
910
190
670
807
942
859
263
142
27
224
351
917
521
122
360
124
148
657
828
697
371
955
93
726
285
471
478
786
252
7
726
438
720
81
687
618
544
786
93
442
519
650
429
289
444
761
92
335
361
852
747
56
773
819
185
632
986
100
385
410
991
257
139
508
468
853
464
512
822
600
102
485
252
141
687
406
346
948
301
978
492
792
714
596
405
259
926
358
619
614
960
591
872
677
535
168
611
595
317
387
18
872
389
7
260
264
986
970
483
805
763
943
432
417
350
436
591
111
151
715
435
997
629
45
874
966
381
427
802
300
251
185
74
732
564
135
294
874
591
584
473
411
679
341
634
86
775
133
228
459
374
113
998
919
831
286
676
262
76
107
299
85
148
905
744
782
706
895
890
562
245
849
276
802
652
590
213
626
47
708
230
820
921
996
454
437
121
86
899
280
772
624
91
912
833
958
998
464
876
762
258
726
535
111
739
361
876
753
614
517
918
80
549
715
22
6
433
587
607
15
232
461
544
694
415
220
418
867
778
352
567
599
573
976
330
345
801
383
115
562
251
769
324
433
919
220
454
619
43
557
511
781
534
58
660
175
73
577
682
64
911
337
630
793
330
941
815
488
409
449
254
861
379
602
65
781
981
611
837
220
915
737
103
955
904
667
749
297
208
749
697
828
622
483
116
803
938
970
144
643
23
386
433
832
764
955
22
653
562
149
730
165
336
147
356
661
417
67
913
48
125
602
975
970
308
586
326
88
987
865
129
43
788
356
747
245
13
279
283
486
847
444
249
172
960
272
230
116
586
462
592
526
205
247
637
195
526
538
792
551
766
992
655
240
501
178
323
567
255
234
528
535
416
808
862
158
10
242
179
4
952
635
135
171
832
544
686
544
709
182
401
244
289
107
207
638
364
19
99
961
880
965
262
868
302
888
464
724
158
79
66
919
779
929
895
59
914
492
476
135
639
82
431
590
850
838
152
388
843
959
901
929
440
471
607
637
233
805
36
509
317
14
835
814
972
860
835
619
862
555
513
799
879
505
639
701
525
482
566
860
274
436
804
38
866
526
472
181
646
689
72
397
417
975
852
78
361
247
452
3
536
758
383
348
758
765
993
868
488
100
926
661
110
589
676
631
838
18
742
267
939
650
543
698
358
907
622
524
341
549
355
209
290
781
989
216
520
865
283
259
102
181
885
770
437
464
136
229
302
435
586
48
258
440
48
142
748
784
34
865
661
866
955
209
890
672
541
869
645
333
508
605
16
600
11
452
146
444
749
552
106
762
566
911
47
475
271
715
200
536
370
962
133
544
359
473
885
392
466
251
415
45
320
616
228
415
631
22
396
594
860
122
546
567
566
138
191
277
194
39
582
105
288
728
216
583
41
991
574
811
182
443
802
220
890
536
344
179
329
731
227
810
669
136
553
490
31
418
855
445
110
773
267
513
765
335
105
148
316
707
143
364
277
682
251
47
93
148
306
51
339
991
146
957
91
700
251
111
358
338
717
53
350
717
345
18
113
144
949
926
837
653
301
218
203
166
816
19
38
883
457
382
210
293
167
698
975
983
73
415
738
359
33
301
628
440
87
119
338
978
284
924
602
723
856
206
33
916
19
947
547
836
90
956
654
142
64
45
913
421
696
947
578
991
363
918
41
723
795
419
835
377
133
598
999
845
869
7
325
997
94
436
597
211
537
711
616
20
23
229
874
300
422
634
847
50
978
480
625
882
864
164
908
354
602
490
474
562
382
19
407
928
874
159
658
21
480
4
847
849
394
798
503
10
862
698
45
91
940
663
778
239
563
58
478
751
566
750
550
908
140
568
793
593
806
70
316
732
862
978
646
881
151
424
680
795
367
245
917
417
317
778
186
979
954
714
62
741
367
505
171
457
832
719
257
583
4
934
295
393
874
759
822
679
43
414
249
476
870
516
229
778
885
955
250
163
456
112
333
934
389
228
551
842
687
957
508
792
960
368
586
763
339
557
89
401
413
521
955
903
515
198
470
718
190
816
572
109
158
333
666
806
825
447
309
331
472
177
63
864
644
636
74
187
492
153
550
313
682
919
203
17
912
840
244
476
745
937
301
280
947
785
564
474
781
841
661
724
789
440
121
528
760
151
184
634
830
289
102
867
154
735
548
467
166
284
140
647
128
697
684
668
102
182
115
57
139
577
203
957
339
33
487
324
18
17
402
459
870
160
920
494
566
64
644
182
694
285
651
821
729
366
814
769
305
76
361
184
481
447
245
945
920
933
799
138
359
540
140
172
918
901
66
605
111
784
463
361
239
457
534
339
726
160
493
215
346
423
389
678
643
665
3
258
225
163
192
194
357
872
344
209
982
387
756
974
634
732
568
363
543
920
229
378
411
250
653
29
15
571
24
953
161
138
838
659
865
41
736
542
411
371
327
918
80
121
864
712
539
398
119
663
670
925
646
507
518
483
983
585
824
960
362
378
961
574
917
582
12
2
189
963
521
660
85
427
645
889
582
24
307
568
60
560
284
611
758
152
251
721
239
46
804
366
749
357
976
446
462
589
67
875
499
290
40
952
848
711
493
353
646
502
404
699
956
293
365
728
296
818
153
499
948
678
45
8
437
331
180
160
308
18
49
806
204
738
817
185
884
779
808
282
552
403
911
539
666
825
443
55
824
311
217
184
343
517
775
322
268
631
632
124
658
644
225
47
372
36
750
226
550
527
690
702
131
372
586
386
746
136
746
960
701
639
744
437
289
680
217
622
229
207
867
446
519
382
176
49
456
769
842
732
805
854
526
848
47
916
339
706
451
563
176
374
937
66
690
566
632
252
849
93
124
267
335
655
139
906
976
12
878
248
356
545
404
993
92
262
437
381
577
857
247
865
405
634
530
993
695
335
942
992
680
696
497
337
543
538
377
148
514
620
107
943
427
708
679
881
53
422
28
990
815
711
716
148
70
148
727
873
223
476
62
575
288
152
33
54
451
747
942
413
527
173
116
246
135
647
761
265
103
476
913
322
465
838
750
870
372
268
133
155
488
592
263
708
594
665
503
138
1000
282
256
3
331
170
815
515
222
545
376
585
121
729
450
204
781
409
841
173
124
720
29
515
212
582
431
976
26
232
742
582
246
177
641
649
550
176
753
518
321
792
407
929
916
305
651
57
173
935
507
682
51
158
713
294
42
190
634
740
375
859
454
488
292
316
774
819
347
641
303
234
176
345
189
168
378
334
507
50
827
650
38
825
714
314
310
193
200
182
329
36
597
925
903
26
949
224
665
675
779
885
49
164
563
954
698
414
628
153
38
157
321
741
393
294
749
364
396
52
801
845
612
124
772
403
425
790
446
443
626
529
887
188
990
659
161
788
863
742
911
912
976
662
326
752
812
773
546
619
529
891
308
429
687
320
155
509
13
752
878
111
950
614
446
16
636
853
550
654
102
233
237
167
910
221
238
830
440
24
72
508
569
887
171
507
612
872
295
550
104
762
297
553
207
94
210
141
79
702
699
715
281
977
680
599
950
395
992
134
120
972
444
864
884
341
435
141
212
791
5
499
49
852
506
630
654
9
569
147
360
729
544
951
700
427
872
340
889
215
875
223
405
108
979
558
197
177
391
20
103
616
202
177
558
646
681
716
363
472
937
316
465
530
855
119
318
693
928
417
190
304
344
511
419
367
940
819
406
183
937
835
398
113
174
38
874
491
625
495
250
19
867
246
55
393
418
516
860
286
913
876
442
717
451
386
650
695
288
583
835
44
481
995
815
85
754
836
337
32
989
929
968
543
474
472
208
704
465
310
672
989
355
76
776
84
195
929
89
96
729
568
972
986
533
732
518
580
103
444
880
537
887
159
519
281
455
328
591
135
731
974
699
262
699
385
372
354
829
208
177
797
431
58
83
961
502
33
982
924
867
925
200
805
748
857
440
468
87
155
679
716
881
886
915
260
172
604
960
244
126
93
607
251
74
147
425
939
842
883
865
599
938
573
107
394
717
355
132
846
839
42
696
850
60
845
820
40
523
613
143
466
800
815
258
570
514
739
148
806
793
884
496
741
957
286
337
703
231
141
198
502
6
637
409
701
463
995
950
896
775
444
646
132
861
172
383
531
889
931
369
314
38
594
155
845
703
654
593
347
507
678
72
235
261
458
118
165
148
773
296
306
709
190
295
577
808
471
203
605
314
371
648
560
562
221
42
402
955
989
886
195
273
757
203
540
293
616
403
944
797
167
890
758
322
407
379
899
643
879
851
235
40
91
937
906
866
107
270
270
707
339
118
248
293
834
330
782
742
213
822
563
761
712
866
49
230
460
978
76
644
970
388
868
167
480
44
75
460
351
965
854
81
410
954
698
828
159
970
582
52
736
720
73
792
652
404
722
239
505
800
657
866
308
745
426
301
605
964
213
272
706
688
778
348
122
490
178
838
532
634
466
30
168
751
882
448
633
575
803
48
355
492
877
676
408
569
3
494
959
86
206
91
769
613
525
153
649
643
320
305
133
46
109
829
566
197
752
840
424
641
352
404
585
54
523
579
953
439
942
754
324
955
685
594
359
818
847
497
999
918
892
449
261
243
698
127
267
466
443
688
801
684
685
723
365
65
102
371
462
151
424
814
190
810
146
668
373
357
608
564
575
873
927
996
50
468
974
197
280
3
661
489
859
913
428
795
751
594
767
732
773
460
452
297
784
91
770
585
895
985
67
433
537
331
468
161
230
889
245
914
772
877
249
233
167
261
342
265
887
604
351
577
717
358
27
513
847
418
280
678
349
731
567
92
434
928
809
219
924
393
118
62
258
28
73
138
92
701
400
371
38
68
429
374
10
524
711
990
632
542
424
791
296
275
665
952
865
252
463
11
198
647
513
18
154
311
835
562
511
227
64
705
147
646
124
777
83
176
185
644
802
401
480
138
495
21
476
586
877
138
557
371
543
35
754
350
222
70
348
825
107
171
50
731
622
678
947
898
537
435
590
886
471
649
907
68
7
526
185
821
261
482
78
176
382
693
451
413
538
511
430
779
635
709
480
131
393
621
724
510
438
739
817
599
275
393
602
541
785
420
694
102
903
734
52
274
412
773
660
727
346
510
823
379
792
654
686
811
96
806
346
164
506
893
990
368
895
104
621
998
523
315
184
618
898
637
521
755
85
931
725
401
16
433
591
23
817
376
382
292
970
563
62
449
615
574
284
493
793
402
872
520
246
49
752
672
15
52
660
622
226
882
613
431
699
711
314
296
178
321
209
411
763
287
40
452
672
775
685
52
109
241
311
26
88
494
833
254
474
767
269
307
210
780
781
518
741
840
763
657
923
216
919
331
272
264
692
815
299
412
633
972
907
131
129
944
286
37
827
596
977
685
356
50
39
783
15
478
366
3
493
500
480
922
264
805
221
760
927
37
645
558
707
479
267
969
964
709
839
942
353
909
687
416
62
594
671
212
969
706
883
915
615
223
852
978
392
157
210
496
348
857
490
495
524
158
356
337
691
334
433
571
311
490
860
639
637
128
880
640
296
560
336
388
473
601
882
760
126
697
401
801
787
194
312
824
518
350
93
984
257
129
598
412
486
536
172
741
463
800
44
337
354
489
866
561
749
214
559
449
784
234
873
686
377
518
31
948
603
971
475
134
58
777
612
990
299
638
28
234
375
764
15
555
937
551
849
717
541
737
594
468
944
799
967
905
225
572
796
356
744
863
745
692
941
287
225
928
161
980
101
896
656
858
218
297
973
688
587
136
395
610
576
906
315
229
443
627
306
601
38
310
771
816
168
843
256
966
303
592
514
60
529
428
737
649
287
408
675
175
652
200
918
1
116
102
933
420
966
203
706
829
696
777
307
170
46
885
762
7
416
489
571
153
310
850
852
262
303
419
940
199
133
265
466
880
654
203
705
548
478
735
744
824
935
149
179
933
368
521
41
386
439
681
140
916
937
301
326
396
818
852
589
928
935
662
535
521
249
32
104
854
234
199
899
671
564
541
187
517
92
386
127
278
480
350
83
445
137
434
776
826
44
212
898
568
735
15
713
584
412
623
752
373
12
692
532
187
826
41
768
990
459
993
262
880
33
297
129
30
225
284
905
747
437
860
610
436
827
921
299
588
957
75
696
786
710
42
392
86
295
726
113
103
306
53
463
926
355
624
288
80
91
277
842
10
959
292
94
244
650
469
267
162
382
727
445
865
189
614
930
627
656
13
485
783
168
393
71
245
291
295
347
747
657
868
122
129
172
614
50
326
353
446
26
386
873
783
290
250
654
129
840
500
774
787
572
860
392
695
269
741
293
475
727
844
166
315
824
103
886
518
633
583
569
170
464
149
710
523
440
482
993
988
963
936
479
506
663
350
95
82
110
943
246
361
430
224
539
619
529
401
377
922
856
223
825
616
648
37
879
751
123
996
90
427
612
65
846
209
379
679
676
799
663
15
831
387
212
869
477
271
577
110
482
901
117
820
92
305
899
492
484
101
986
413
848
163
586
528
816
964
515
652
606
948
117
612
641
958
475
303
515
847
96
316
729
2
410
355
347
623
446
202
482
868
15
482
410
165
11
499
812
666
382
79
729
65
805
81
521
837
746
939
500
586
665
496
75
657
454
264
618
59
461
383
219
302
991
816
500
711
595
872
953
166
945
290
847
885
282
546
689
578
305
760
412
397
488
373
966
364
120
115
929
317
778
691
789
768
21
425
274
780
580
597
183
701
111
943
457
403
932
916
418
647
155
17
647
980
488
330
639
907
273
189
965
197
509
307
573
546
410
467
473
379
947
88
763
245
62
269
410
407
821
698
961
512
766
229
510
351
736
406
344
103
635
189
846
328
160
486
541
924
547
547
270
306
976
492
732
122
604
516
796
994
645
441
117
459
336
288
1000
988
446
735
778
362
241
311
283
569
408
788
460
98
875
172
908
286
258
957
24
436
302
44
50
951
580
628
140
6
716
604
598
585
579
1000
696
72
166
893
954
978
124
219
474
738
14
175
665
390
25
652
34
651
302
803
871
539
26
876
925
703
522
205
892
850
996
516
595
876
129
985
222
127
440
177
752
163
166
339
911
177
146
194
554
375
189
676
519
408
691
21
131
595
459
501
619
164
883
599
571
386
255
349
108
583
666
857
968
209
521
331
755
31
940
26
87
749
864
152
543
606
522
984
666
905
388
746
628
221
962
272
816
547
489
763
979
189
998
661
111
565
224
291
122
46
104
35
680
229
244
476
408
147
197
684
909
885
302
179
563
526
340
14
2
589
2
262
320
84
478
671
813
299
958
282
92
439
126
36
161
466
881
277
350
484
35
622
340
830
297
364
299
595
835
294
839
238
177
569
726
963
376
176
799
18
288
873
910
428
620
235
836
383
474
383
833
90
602
115
269
831
915
434
213
233
569
694
774
694
95
154
617
703
606
946
525
211
953
930
182
347
116
504
144
109
10
591
295
722
20
757
578
711
702
582
266
364
45
380
214
740
232
876
737
893
855
418
444
997
146
221
636
681
26
223
570
323
972
562
207
140
609
668
79
746
403
173
187
291
488
502
897
84
68
398
76
786
564
178
172
794
162
792
695
831
870
960
351
660
738
2
607
17
924
783
412
584
933
877
54
171
701
192
953
874
732
813
213
337
483
334
572
189
311
465
84
940
613
75
957
183
650
37
413
193
527
765
329
530
190
307
887
924
906
54
68
532
590
618
333
481
254
840
544
99
796
129
517
854
78
987
423
148
207
115
957
159
272
169
328
631
313
307
684
877
1000
467
725
771
177
146
406
939
686
562
384
582
800
554
982
64
373
849
466
614
481
884
512
797
245
845
29
836
873
352
602
668
829
74
612
497
520
415
964
772
183
516
649
285
14
225
229
862
439
379
368
448
624
555
556
615
578
587
526
219
987
453
137
877
276
922
298
29
517
843
886
278
427
780
315
171
310
61
883
462
925
87
399
647
874
43
993
11
845
935
967
775
31
559
952
118
553
525
400
325
413
559
414
631
872
954
508
944
724
16
510
50
589
52
331
640
934
347
326
794
39
404
273
378
377
290
28
145
959
17
8
423
658
180
428
408
928
657
621
185
646
349
401
370
166
949
193
456
820
470
545
807
660
612
337
267
746
1
7
856
82
816
801
473
355
263
85
847
155
767
622
983
647
419
696
154
571
163
713
151
157
616
744
729
560
644
482
836
797
657
48
745
950
448
131
122
582
662
464
528
807
161
837
173
215
967
155
752
261
59
158
415
82
171
350
416
944
342
972
824
965
132
311
807
224
727
500
28
126
876
494
885
430
321
319
153
578
518
30
313
198
989
418
942
94
400
149
100
812
166
327
24
885
834
984
384
561
903
986
43
280
838
110
740
569
650
410
696
389
479
990
2
559
7
142
213
730
297
186
94
388
343
977
308
933
666
702
538
590
861
916
643
434
353
616
386
575
201
25
970
334
855
349
344
122
365
774
283
355
309
989
740
103
172
15
64
107
271
373
685
798
257
776
830
3
35
409
421
974
737
140
958
719
217
277
614
214
360
746
481
971
960
456
680
715
7
123
449
4
871
320
870
682
59
42
616
283
457
873
595
886
235
8
389
879
801
166
856
180
827
878
895
125
362
370
137
671
47
782
452
503
425
393
339
493
22
630
507
709
935
839
136
306
958
182
488
807
359
1000
287
774
736
399
746
3
169
529
571
706
59
900
636
977
326
798
579
148
581
644
210
424
423
992
608
347
359
482
972
159
415
747
846
10
483
591
423
302
708
750
268
884
44
847
710
104
839
374
311
632
953
277
27
186
296
143
158
51
446
167
675
805
654
774
125
925
510
640
454
342
874
553
552
812
301
128
376
228
506
329
762
547
694
368
473
136
732
215
493
378
32
783
357
396
52
880
47
746
508
183
889
422
791
336
665
975
385
343
129
196
77
139
772
370
866
100
164
503
706
666
376
988
326
643
590
772
109
478
626
549
287
467
780
124
584
745
354
429
378
972
295
288
799
595
67
880
863
39
829
741
900
49
180
555
400
145
16
13
175
293
734
376
706
489
317
634
187
704
258
552
755
345
271
171
97
823
466
415
253
611
133
916
189
671
362
951
492
684
288
587
873
757
593
327
315
873
648
525
776
424
115
161
352
315
169
229
485
245
950
973
228
689
373
461
320
386
364
205
38
345
630
156
945
134
814
786
63
680
953
618
452
115
448
592
406
333
308
766
360
31
718
477
690
871
938
688
511
11
898
316
524
364
400
684
46
817
450
570
948
617
36
776
592
425
642
99
116
348
324
771
309
179
382
580
184
997
693
510
242
624
707
83
834
953
433
611
688
120
211
96
272
871
254
335
317
734
513
81
962
231
334
16
456
416
742
752
154
268
756
899
484
994
209
54
162
101
299
201
270
140
748
77
137
710
848
36
772
559
635
666
964
315
895
118
916
515
253
874
600
730
883
850
873
833
989
770
598
971
309
737
365
707
254
614
473
718
135
769
361
974
296
706
264
713
769
752
962
354
111
29
417
944
58
546
438
737
516
63
384
241
840
214
83
82
762
529
507
665
758
17
873
151
239
100
332
793
921
492
754
929
773
852
753
705
468
5
918
540
685
409
337
542
813
558
35
239
927
216
193
683
231
831
861
860
89
851
864
67
367
536
897
39
31
704
243
637
485
540
320
318
101
797
917
893
155
381
489
19
141
313
98
11
507
686
357
758
263
738
854
953
261
279
907
545
674
60
808
116
774
25
597
47
317
420
281
665
725
469
384
327
329
373
432
89
606
481
632
347
772
360
715
750
503
423
851
755
819
502
852
124
607
262
84
313
420
150
28
612
988
623
846
321
451
640
746
703
496
907
973
776
513
14
134
946
302
982
974
78
912
222
802
385
880
435
383
287
125
417
671
553
798
65
693
779
413
335
310
669
523
527
733
487
909
566
893
764
965
51
331
331
952
174
320
548
912
929
868
811
683
780
582
965
165
223
572
128
56
450
197
201
105
563
696
268
786
439
985
251
633
230
339
927
685
824
667
473
964
195
321
325
649
224
522
678
914
232
100
183
527
644
699
631
874
402
725
475
15
926
731
552
814
359
191
615
630
46
596
667
367
589
738
382
271
913
512
5
823
427
143
86
681
634
609
826
584
976
232
589
894
731
972
260
36
358
965
198
407
985
10
457
300
788
377
677
408
660
336
317
720
997
22
512
610
859
306
122
964
379
176
218
914
94
538
624
504
640
472
437
987
61
885
306
867
702
128
248
801
292
731
719
44
908
62
14
808
904
114
48
664
780
635
422
393
454
459
229
399
201
851
513
182
159
248
137
875
139
716
336
776
748
570
362
129
684
339
882
557
959
378
733
346
737
439
685
644
347
425
689
633
323
63
546
914
733
845
711
662
737
585
856
748
595
38
215
119
280
590
632
475
816
396
166
964
987
276
497
688
905
681
779
816
929
358
17
238
797
820
207
501
863
214
686
253
802
92
411
498
177
216
164
67
984
529
17
870
701
541
663
594
552
179
903
300
513
784
950
811
173
71
872
65
513
109
827
679
348
933
779
300
81
185
33
249
396
26
569
567
805
862
237
806
761
141
203
247
110
806
556
405
534
782
928
123
170
718
447
305
337
889
145
101
143
792
987
130
921
947
47
797
514
500
152
222
176
813
506
765
371
554
564
422
106
742
884
944
67
945
496
62
955
923
418
732
37
642
30
105
242
878
296
926
307
646
259
883
992
974
852
826
684
374
53
686
167
183
858
534
914
501
582
3
146
648
55
940
345
926
654
102
126
858
506
188
219
422
435
741
194
167
922
440
421
307
933
667
562
805
829
897
42
919
189
280
323
312
26
709
337
287
747
210
760
675
988
780
241
113
768
333
952
667
636
183
86
77
721
921
579
710
448
407
288
767
705
10
34
133
442
196
211
343
709
592
359
722
603
155
858
953
288
504
564
563
33
373
197
107
216
95
915
679
47
775
85
846
847
491
616
352
408
657
962
331
169
743
984
911
588
708
518
276
837
637
365
82
411
462
843
848
820
518
289
811
824
616
809
410
500
676
357
22
464
898
418
615
618
406
255
269
982
232
333
12
12
449
469
399
61
945
675
162
174
445
44
128
765
63
957
880
19
961
730
135
626
683
55
370
291
517
89
384
112
350
65
762
210
856
136
973
882
523
305
404
133
411
937
514
964
28
28
334
926
688
302
367
318
408
528
831
33
734
1000
146
743
274
815
115
5
103
714
451
24
787
585
845
722
92
818
809
541
582
542
495
52
977
982
392
122
791
675
777
335
285
114
112
98
643
159
887
378
475
222
779
115
478
673
381
619
742
772
22
677
249
687
810
432
976
722
702
621
335
704
158
669
760
582
59
40
204
525
301
903
842
57
143
223
513
570
843
274
151
231
561
121
899
159
241
947
697
743
919
34
123
291
418
981
373
609
14
810
473
906
573
315
179
664
658
519
285
770
744
406
177
2
904
902
453
197
869
351
510
877
833
348
744
967
320
146
97
180
359
21
778
44
566
432
457
824
718
201
714
457
404
309
605
877
339
165
667
219
680
112
562
237
803
907
87
870
522
338
432
754
717
436
483
956
593
432
551
859
452
164
308
770
702
61
487
352
351
648
593
774
434
424
609
475
390
94
110
358
53
459
468
933
642
360
828
927
43
103
551
497
893
341
225
462
307
185
303
390
638
362
492
842
437
64
259
477
493
190
875
52
56
996
947
610
813
29
884
255
274
4
111
743
514
533
290
688
785
299
461
627
295
408
457
887
588
36
568
61
448
979
743
40
388
657
842
806
603
967
226
89
161
721
193
437
716
618
709
994
533
12
909
970
940
206
812
422
161
377
800
290
680
559
335
911
493
143
53
471
604
373
493
548
876
847
847
619
529
817
75
761
580
165
48
510
791
376
69
320
583
620
568
571
239
545
631
843
555
255
929
41
449
169
427
954
164
991
653
507
201
17
137
239
940
612
237
396
568
656
204
228
580
664
633
200
729
757
405
485
142
275
187
901
291
773
88
44
104
212
837
426
950
519
589
726
834
205
873
665
660
897
581
507
565
225
874
352
618
52
12
158
853
808
221
572
74
684
131
624
998
557
509
910
612
878
181
578
807
917
113
44
32
418
636
183
178
153
96
416
947
120
708
858
945
275
795
304
264
275
362
431
883
876
708
257
224
541
822
420
19
363
597
936
391
95
690
264
159
820
858
295
247
523
404
357
73
636
503
525
333
438
296
910
168
185
862
995
488
900
502
110
328
508
742
646
903
37
854
305
789
815
354
178
663
322
218
803
926
989
592
625
14
357
104
912
19
136
190
850
233
47
98
21
682
423
811
708
870
392
909
284
467
229
773
183
769
791
636
84
176
169
984
924
315
630
539
684
736
945
499
584
229
712
258
202
622
332
585
896
464
844
843
182
41
966
73
427
160
849
842
77
160
828
94
278
616
448
172
8
886
385
795
665
969
614
793
196
385
937
684
719
265
805
858
724
122
638
722
932
105
443
614
384
353
82
635
580
453
976
782
920
63
387
722
458
199
950
146
288
233
92
899
460
321
788
137
733
42
249
824
80
22
938
616
80
42
307
146
232
186
34
184
883
642
223
761
502
713
708
752
130
111
305
370
506
680
729
600
181
909
55
870
304
408
365
311
992
905
350
370
186
457
611
257
613
594
767
342
45
387
412
123
556
688
850
430
18
373
299
204
170
396
749
216
183
27
97
114
360
366
658
702
302
207
846
169
315
504
806
436
469
781
695
115
933
435
42
508
730
688
662
863
716
834
628
688
878
275
925
646
401
444
913
744
771
515
507
448
514
719
915
767
38
981
87
731
711
949
738
555
568
440
123
680
270
399
232
343
651
896
898
626
213
21
510
721
239
672
181
508
953
836
934
817
965
753
585
474
786
570
76
287
201
876
878
6
439
256
183
369
727
471
885
889
350
926
642
939
538
766
188
547
463
662
268
118
68
243
988
549
613
279
488
925
209
531
580
283
512
691
155
667
579
252
182
346
204
333
497
176
548
580
999
493
7
972
261
704
625
585
629
42
977
944
923
441
461
947
71
796
536
712
580
297
473
485
56
669
123
307
66
121
96
373
694
714
819
420
410
141
389
107
785
100
511
638
701
697
739
429
887
607
99
271
478
16
604
632
223
197
772
948
793
505
716
784
761
911
17
869
26
452
862
12
72
433
816
881
265
801
688
412
458
901
192
769
189
286
508
221
697
110
674
259
278
232
554
926
640
990
717
83
671
911
953
722
10
573
76
451
127
665
30
147
858
277
193
160
665
629
80
820
634
467
675
87
197
430
601
253
187
1000
556
792
674
917
503
911
248
538
504
378
65
110
526
974
132
336
78
869
9
592
759
456
619
742
91
5
971
531
745
530
544
270
971
443
823
365
124
224
968
140
5
138
58
224
338
914
932
180
297
247
981
158
561
887
801
631
479
247
395
12
576
199
474
162
231
445
988
601
21
854
771
28
797
223
876
440
564
649
658
972
883
756
85
964
712
960
388
881
623
574
881
835
1
91
142
976
860
854
443
994
195
762
180
320
946
956
942
695
468
652
564
84
146
262
994
757
554
79
8
180
454
990
934
420
219
95
351
4
640
35
944
683
594
104
402
846
948
497
298
273
652
781
723
417
413
754
936
577
855
18
950
349
164
922
37
266
197
311
749
95
409
128
712
35
996
828
265
146
97
960
203
115
965
486
360
105
579
627
270
657
951
896
607
846
5
753
113
921
496
122
950
885
230
521
250
419
527
35
449
200
55
258
97
562
114
510
732
341
43
684
4
480
695
777
755
728
713
728
304
146
695
730
376
758
511
247
627
728
999
186
608
856
686
248
591
974
602
842
554
371
185
693
61
595
353
326
654
743
853
245
812
663
99
711
446
953
359
432
251
474
236
229
855
949
475
844
448
496
348
664
684
101
1000
202
42
887
119
339
86
752
266
137
336
11
75
361
287
780
102
436
888
745
743
505
325
187
643
843
511
570
764
959
302
326
306
849
158
63
429
142
854
513
787
467
242
273
635
856
223
338
196
788
706
981
449
508
586
654
70
649
431
390
831
413
846
113
547
688
348
611
206
353
731
163
748
348
649
168
930
611
831
910
30
456
945
237
505
975
220
680
20
380
564
736
676
929
335
737
593
762
334
206
501
190
734
799
681
273
128
694
990
665
938
147
684
927
233
517
727
327
557
842
999
113
587
24
945
749
255
117
22
59
4
816
275
597
306
568
155
82
728
806
214
843
330
119
492
199
156
983
666
432
758
682
859
921
526
173
916
46
540
721
824
776
452
120
982
424
407
177
899
528
514
384
142
270
36
203
489
400
420
603
993
771
253
619
942
543
300
685
119
926
57
544
360
79
415
514
841
920
775
565
388
929
686
176
509
145
319
499
962
90
522
415
950
314
61
717
484
214
289
347
333
434
525
41
538
870
742
698
108
988
651
359
678
687
671
25
313
560
332
376
944
312
823
98
583
474
998
625
727
138
525
616
76
384
951
17
851
59
170
221
952
299
984
439
57
421
309
275
169
296
424
905
925
373
925
842
439
138
769
341
144
103
201
507
253
924
400
650
798
915
54
571
141
114
885
244
779
347
846
174
163
145
223
175
249
857
333
337
10
36
360
537
83
100
486
919
780
864
292
508
77
342
523
730
69
768
866
180
546
528
767
52
37
837
892
339
705
708
568
456
740
248
672
749
898
492
325
168
900
236
67
528
674
732
18
505
68
237
475
838
523
139
991
587
301
450
131
528
82
749
32
212
405
401
330
386
7
717
555
153
424
268
525
764
951
175
492
759
113
436
624
371
274
715
109
725
965
991
743
159
702
600
770
307
144
129
445
238
636
790
924
574
438
352
435
229
918
468
444
495
777
491
892
780
530
217
247
505
360
109
870
93
393
965
121
337
475
129
294
248
960
631
339
195
117
139
135
856
672
738
44
737
571
58
515
140
930
581
284
163
261
931
442
590
157
84
591
282
646
587
240
508
453
56
709
729
923
8
379
322
762
549
343
168
400
437
754
731
666
996
194
926
560
403
127
293
23
934
60
79
606
909
272
368
24
920
50
493
715
709
853
495
839
122
755
779
229
67
903
860
717
614
425
406
373
45
707
123
123
404
131
726
244
337
620
242
686
807
796
644
226
815
260
453
889
842
384
666
690
195
117
416
481
918
61
358
747
942
364
387
413
250
698
542
693
711
537
361
914
918
712
53
807
806
153
70
507
204
172
484
734
217
71
622
782
523
933
231
625
17
933
344
956
705
53
569
336
113
821
135
255
402
944
247
931
734
647
140
438
597
910
826
290
820
511
880
248
529
656
111
585
132
250
444
511
231
830
563
544
141
356
178
77
537
511
135
277
67
119
939
388
682
976
917
338
211
431
416
854
276
496
87
69
991
491
292
275
550
832
111
639
267
370
239
648
479
46
287
234
100
181
573
937
435
45
887
115
304
972
257
123
67
7
310
393
415
105
219
415
394
682
423
585
532
669
630
888
364
113
136
703
867
570
100
272
446
907
995
907
461
446
22
388
755
696
591
872
227
312
734
589
927
340
749
609
628
529
136
600
790
746
960
982
615
823
546
101
289
694
300
561
133
538
897
795
500
462
858
559
372
360
8
207
420
581
552
71
829
511
768
314
442
722
93
814
924
932
775
975
776
566
59
948
427
339
71
440
343
640
171
993
256
346
240
672
218
356
916
257
937
780
240
462
708
165
351
7
251
285
145
245
23
104
420
170
15
717
439
606
233
551
927
610
944
372
921
256
899
850
110
193
865
808
347
57
907
524
166
708
264
630
971
529
896
674
606
711
201
482
224
754
275
531
95
393
470
265
496
568
607
197
329
3
412
334
260
208
190
46
731
227
1
427
814
545
723
826
554
117
549
637
350
171
498
476
194
182
381
746
77
758
745
563
596
348
14
249
536
312
164
173
965
233
259
980
509
673
871
155
376
140
973
265
470
795
657
895
471
519
46
12
85
328
410
889
391
612
985
724
185
472
942
336
873
305
668
940
267
81
939
8
671
317
409
297
160
786
419
755
733
791
86
736
305
154
515
886
35
196
109
409
492
489
396
950
569
940
513
589
348
513
592
111
505
928
967
845
952
736
128
956
239
165
606
824
216
263
72
792
746
284
369
386
701
241
707
228
879
185
501
609
417
335
195
465
469
448
532
493
141
374
456
2
168
794
232
659
137
5
823
710
539
570
432
771
955
477
334
485
763
469
932
328
912
834
928
568
839
165
840
832
595
523
884
75
792
963
579
299
399
743
430
14
76
573
807
172
643
107
968
967
9
454
791
246
596
896
680
787
570
580
62
217
340
598
15
50
930
121
702
706
315
160
446
806
923
663
805
421
428
687
333
983
258
492
919
290
654
983
749
226
481
424
641
917
667
831
976
940
395
756
619
43
488
814
189
368
127
591
155
146
382
679
21
959
296
283
241
141
977
781
464
353
714
201
108
840
933
197
480
444
1000
928
636
248
34
753
35
924
228
873
320
585
279
547
347
60
859
612
288
569
436
367
54
271
869
419
727
602
948
347
970
797
660
963
165
585
677
411
957
99
131
692
771
923
799
6
149
941
112
203
307
88
529
712
11
172
906
300
249
233
459
626
605
299
413
277
991
325
883
263
346
298
566
129
882
429
239
922
728
106
925
431
557
800
536
35
709
234
38
504
586
476
148
869
567
219
700
839
105
356
741
871
401
378
352
214
877
265
452
243
40
563
252
364
523
819
22
864
220
61
709
979
806
375
794
152
807
434
630
355
809
527
551
388
120
109
814
373
390
