343
498
506
193
335
995
55
368
112
48
525
714
378
731
126
952
819
940
501
165
366
369
474
834
94
342
922
448
436
281
921
623
204
784
985
265
634
126
720
651
396
754
653
836
674
773
628
967
81
881
32
21
194
136
460
550
570
354
877
935
305
97
792
976
1
157
306
174
62
796
343
431
244
88
966
719
976
969
577
78
502
327
565
968
465
734
596
126
796
157
90
274
881
649
258
705
41
239
852
610
428
684
69
665
218
210
261
897
489
346
497
298
565
18
696
539
995
639
350
960
703
755
366
106
901
997
664
44
816
360
796
791
443
450
160
583
411
967
612
547
103
713
76
894
807
165
463
5
588
787
181
292
413
85
112
824
532
25
947
482
72
220
637
947
531
173
360
130
174
142
251
621
957
739
476
100
233
188
500
61
157
860
147
631
62
729
899
775
362
405
385
184
266
15
781
532
86
256
224
752
952
431
819
973
588
377
682
929
416
454
598
794
373
424
891
182
3
620
164
242
965
898
499
115
606
16
688
683
460
354
551
833
696
213
958
643
679
935
477
256
541
864
303
300
39
143
384
558
476
81
868
532
576
580
866
384
693
437
553
470
992
798
566
94
181
520
114
530
296
821
889
112
306
80
786
307
890
527
594
522
756
820
429
899
664
292
337
462
727
302
616
572
152
858
198
109
735
506
262
754
733
919
642
11
877
954
545
418
589
627
954
615
461
678
328
375
18
868
115
365
627
723
922
365
512
655
204
341
418
417
643
516
737
495
964
997
784
184
549
953
470
110
623
52
203
522
735
744
97
693
833
345
144
774
712
219
593
557
228
349
161
886
202
66
938
314
661
134
856
579
209
928
142
612
559
691
651
782
162
799
304
698
511
661
947
26
183
199
142
324
256
608
915
15
988
379
332
467
858
340
525
855
573
312
910
678
609
475
464
943
273
585
605
496
566
305
34
782
294
723
46
188
93
695
813
740
753
180
158
170
92
177
646
759
247
434
918
89
850
218
775
650
690
679
898
500
615
816
159
468
274
753
760
360
503
851
58
969
545
330
140
416
834
96
200
179
462
696
538
75
283
767
385
748
79
48
272
761
538
347
545
421
673
893
249
500
155
546
446
321
532
925
200
924
963
898
240
21
677
439
330
861
457
158
487
775
907
15
477
197
586
425
439
399
508
756
181
360
254
15
395
653
593
35
543
317
885
368
752
185
997
805
380
303
13
130
589
708
495
570
504
197
109
215
747
370
306
438
790
114
31
791
293
261
279
243
348
525
248
639
883
753
889
846
974
243
714
175
368
326
819
927
587
324
363
937
267
626
611
760
251
76
154
145
753
925
226
217
722
694
837
383
492
589
397
1
537
888
413
670
427
775
45
725
139
60
659
878
287
514
685
738
777
929
390
355
298
201
396
927
203
600
631
935
345
376
834
3
235
204
664
88
391
416
162
902
318
476
358
888
623
887
912
450
615
871
535
328
575
909
408
662
138
341
115
868
948
979
232
918
36
593
262
355
856
463
225
91
319
610
919
633
23
479
958
631
867
934
582
505
214
286
334
544
756
718
86
762
11
950
694
434
456
15
936
676
465
250
243
12
962
218
515
601
891
715
691
84
478
663
49
816
654
658
612
677
414
404
552
796
378
315
699
992
926
220
149
500
13
340
283
387
40
609
283
958
335
79
325
283
210
416
548
102
142
723
454
1000
735
483
384
589
165
403
986
343
692
606
104
804
613
658
255
28
671
852
253
906
727
642
992
732
224
771
25
901
405
468
907
522
268
524
407
338
189
992
205
993
670
562
770
165
774
861
300
15
10
468
877
598
145
308
578
16
998
675
435
517
965
958
154
368
586
62
646
731
9
639
180
499
954
914
634
359
904
465
940
972
152
683
637
154
228
769
424
183
598
435
450
652
552
357
290
943
521
615
922
535
721
140
459
389
473
546
512
49
434
967
558
759
585
942
259
984
824
224
846
776
203
409
339
218
214
471
3
573
303
685
80
250
852
966
886
9
575
737
983
934
428
606
773
13
897
175
336
84
934
812
631
797
343
93
508
352
908
100
992
143
642
268
475
345
569
872
555
792
111
480
523
156
17
732
613
45
461
516
673
802
413
409
813
133
963
686
365
955
671
844
863
462
475
619
335
948
82
396
311
871
106
894
333
583
956
881
6
554
533
245
238
742
692
584
444
989
448
544
865
324
753
119
53
489
254
256
162
112
65
880
876
173
332
391
207
526
849
55
258
198
859
969
568
773
970
134
754
438
973
202
180
560
185
20
925
953
685
813
345
483
532
283
981
146
71
280
522
448
863
741
870
151
887
145
325
457
199
911
555
811
974
350
488
358
213
222
254
391
1000
724
736
356
547
486
840
183
338
169
395
128
756
935
706
677
325
994
698
918
250
384
401
258
451
308
924
61
986
255
56
390
844
206
952
90
827
366
586
544
198
234
897
126
170
293
633
155
936
979
631
158
898
818
975
746
883
694
728
34
207
566
183
972
804
418
759
58
947
620
978
560
192
938
440
374
573
409
761
20
343
115
340
958
352
696
202
162
668
909
913
19
417
349
687
404
447
7
631
796
326
470
462
375
968
480
984
455
717
684
1000
779
885
556
426
611
121
695
913
446
402
194
547
578
322
630
817
455
39
941
726
924
363
783
201
735
789
613
768
423
750
311
519
707
356
157
715
5
285
67
567
216
861
24
129
813
430
204
581
125
687
801
381
64
131
420
58
685
942
243
396
498
680
604
568
9
795
544
352
946
993
966
578
103
768
251
243
62
232
459
83
447
469
990
168
491
198
779
269
702
962
64
819
613
522
35
785
498
237
349
698
49
433
627
95
580
671
734
581
630
966
856
718
729
83
819
945
703
953
859
6
447
354
67
859
549
716
844
83
320
91
6
144
343
956
329
582
52
758
318
582
887
508
135
222
691
401
340
104
425
923
282
85
437
415
663
583
253
792
121
779
123
475
796
41
27
422
594
660
297
786
196
550
530
739
439
662
369
574
79
878
543
783
757
650
574
396
301
545
515
295
739
332
787
819
534
61
122
605
262
894
518
122
900
489
349
764
249
753
709
244
955
161
209
733
229
32
131
175
55
832
233
46
643
558
678
327
822
963
43
227
549
647
1000
440
13
595
527
619
350
983
814
557
153
474
531
206
363
621
291
980
393
124
776
368
87
784
270
364
941
913
949
416
48
263
490
532
734
760
413
318
730
278
559
330
849
409
667
848
931
789
88
741
296
560
753
312
446
836
651
323
921
824
316
25
937
973
750
445
670
899
807
906
343
33
810
179
611
623
98
882
814
59
661
945
941
490
540
718
913
624
644
404
48
665
871
598
211
144
124
322
28
27
54
69
5
743
412
454
238
628
690
197
464
436
921
580
788
511
397
750
914
570
421
130
68
811
914
140
309
633
357
422
222
904
524
427
391
722
722
965
562
210
17
405
458
792
578
523
760
732
137
348
946
653
124
841
95
486
134
636
166
620
849
538
142
111
705
903
27
214
935
992
475
6
30
534
901
668
360
228
810
820
774
195
609
745
525
49
231
740
869
468
449
527
993
171
99
347
432
687
505
948
781
243
285
221
817
931
294
569
629
919
500
376
279
598
377
222
56
451
540
235
256
174
230
346
324
759
773
800
274
110
105
134
979
643
199
268
34
226
84
832
688
129
401
802
184
414
290
284
898
611
565
866
944
553
74
543
160
659
382
392
992
103
706
597
725
894
449
499
794
652
426
240
539
459
151
674
58
3
889
503
423
973
276
785
76
518
448
830
583
43
394
187
766
472
445
383
552
917
923
419
504
975
665
472
86
250
879
198
276
590
868
504
93
123
433
565
630
316
121
207
138
728
434
285
482
349
810
440
202
87
939
697
405
849
546
513
371
344
300
209
416
960
57
357
224
810
74
563
639
276
621
701
576
399
82
408
399
278
543
799
447
593
402
57
414
414
455
949
25
33
885
154
502
115
337
953
436
416
300
520
407
614
243
87
284
602
455
539
809
5
629
781
548
911
296
715
111
624
30
319
204
646
991
566
43
394
868
640
275
228
11
234
538
755
339
889
573
412
268
294
879
158
771
187
963
822
220
489
455
338
175
629
158
190
750
363
989
471
702
152
929
815
568
478
273
937
992
41
611
958
926
979
376
962
862
945
976
207
926
177
336
170
566
413
10
259
577
373
151
259
572
71
774
841
167
637
498
128
872
138
520
282
600
913
423
188
445
537
658
788
850
581
886
636
825
24
398
650
856
209
663
452
489
259
667
358
416
204
303
523
929
946
183
415
587
520
858
821
672
905
662
688
475
294
341
77
397
707
945
207
921
479
403
219
143
966
177
948
150
522
355
559
497
848
95
937
798
106
267
67
540
85
444
148
523
12
663
209
469
585
217
192
668
837
7
769
853
604
16
255
588
855
819
236
272
122
964
260
44
205
466
691
133
860
613
490
514
382
539
568
220
796
778
488
455
824
599
818
362
168
746
919
499
277
557
125
800
292
996
944
198
911
409
705
729
547
403
417
477
9
979
526
983
10
121
921
535
190
573
486
650
537
949
716
676
708
700
842
601
954
596
916
999
416
579
303
408
424
15
502
635
218
344
143
431
222
23
502
784
878
470
403
166
359
4
565
647
151
849
63
754
499
567
471
473
335
567
248
250
393
942
107
444
739
634
275
733
972
670
564
391
701
295
967
871
736
163
265
468
728
993
946
517
917
7
180
753
44
164
939
978
440
402
538
967
443
367
848
731
971
684
137
778
74
167
551
83
523
434
385
549
459
449
939
844
308
354
771
178
930
529
167
870
190
987
723
578
508
842
547
799
335
734
250
141
989
793
171
991
660
402
569
225
243
363
123
81
995
19
343
157
886
733
273
472
834
917
975
512
424
888
943
261
287
562
546
488
45
960
710
244
487
234
487
873
963
201
849
528
848
496
611
967
322
776
820
226
681
438
123
157
209
177
537
9
793
759
914
925
749
354
40
893
623
964
301
209
855
439
72
74
839
374
11
88
810
602
51
475
283
544
347
643
145
757
960
856
33
720
103
704
686
509
124
45
351
378
237
746
247
385
490
935
471
500
600
437
97
303
337
981
324
987
144
904
633
618
413
346
303
299
695
191
677
820
975
978
199
739
23
426
442
814
321
582
103
732
344
386
639
702
184
607
24
545
4
117
177
646
811
565
713
382
145
489
678
118
161
796
992
930
203
34
981
692
828
617
723
175
589
247
531
163
845
349
16
760
174
610
310
239
74
292
34
541
40
149
106
193
924
606
823
291
177
855
774
456
878
689
145
95
855
749
643
879
345
903
641
268
268
190
123
118
440
109
263
779
256
618
721
83
503
739
470
171
394
57
514
328
482
377
223
223
739
292
59
195
473
395
840
452
331
116
726
355
435
128
425
489
273
592
334
683
879
473
926
161
613
330
884
737
689
330
682
524
714
827
559
918
425
353
931
95
48
23
883
727
726
969
666
256
971
310
865
192
845
641
41
445
524
492
63
671
816
529
167
645
167
480
725
144
559
470
348
168
285
233
954
648
89
288
784
879
274
141
949
987
617
393
610
61
922
485
551
429
628
659
850
860
492
525
715
161
849
2
653
119
691
983
948
604
497
364
933
362
400
210
787
510
674
336
897
137
568
287
556
193
981
910
480
946
349
359
604
930
780
662
150
565
727
687
593
556
151
827
417
531
395
661
828
559
713
427
251
852
384
771
283
756
377
994
817
77
520
65
596
843
501
573
369
677
928
259
639
436
606
167
789
518
223
968
520
10
507
93
643
667
581
344
296
849
835
302
330
454
724
906
208
245
380
2
449
702
114
775
110
407
440
226
39
157
161
376
595
437
833
510
113
675
348
671
89
700
898
621
608
321
295
943
930
310
286
253
629
495
734
906
389
840
287
322
714
713
909
910
59
25
371
906
534
208
457
970
357
950
428
882
987
398
258
678
397
99
602
223
344
637
436
124
612
412
18
89
554
452
134
651
685
110
51
782
793
359
860
738
344
745
673
755
297
22
156
125
860
858
774
432
45
563
311
799
988
551
71
404
336
323
991
404
336
726
162
40
206
365
557
85
181
957
466
181
267
239
704
577
99
172
595
174
756
252
558
165
769
24
931
440
40
738
830
338
130
716
578
633
89
819
358
148
542
766
282
182
511
542
854
769
442
757
420
892
800
554
94
757
265
666
891
298
121
649
129
92
207
273
919
34
537
550
662
414
964
202
558
19
434
708
570
702
292
406
298
643
771
953
461
629
152
217
699
729
438
312
609
304
800
441
710
50
817
538
248
810
879
535
363
604
331
472
211
125
260
645
565
319
708
575
215
88
166
829
634
783
48
559
677
336
786
903
598
750
584
929
537
642
663
751
682
922
99
624
729
203
533
684
828
38
221
449
529
195
185
665
407
206
602
784
107
844
977
856
917
651
442
683
719
671
359
713
650
875
988
772
995
582
983
930
433
617
578
419
921
263
285
921
521
27
827
926
269
769
989
650
140
889
471
480
119
387
260
666
554
136
776
384
88
838
931
637
588
413
978
239
629
959
483
463
190
174
29
912
346
100
878
389
156
447
765
417
977
760
157
75
588
980
853
432
217
69
818
366
273
144
565
5
938
169
505
377
771
303
273
235
876
107
353
940
510
125
685
702
913
279
754
47
596
902
459
867
974
451
225
458
581
448
815
100
263
818
397
750
669
193
167
105
756
597
73
754
229
281
917
435
111
492
281
958
369
429
307
303
418
182
282
237
922
93
148
155
902
786
223
583
625
220
247
17
725
647
336
334
946
957
906
110
231
978
110
416
265
149
789
60
154
718
138
787
508
636
193
553
468
634
197
772
484
654
183
16
218
869
966
355
305
935
900
3
81
945
706
888
254
831
687
683
468
739
667
762
217
800
646
680
676
174
203
475
40
870
673
386
651
96
14
149
636
349
139
1000
888
949
533
376
387
946
291
372
22
45
964
843
805
274
361
522
547
220
355
951
313
857
581
939
318
971
494
664
356
736
416
182
641
546
943
687
640
309
582
580
822
152
494
912
129
186
987
508
805
490
792
936
838
800
457
724
319
841
209
364
154
910
152
643
152
434
889
847
731
66
743
183
292
789
295
544
285
231
828
503
81
612
510
219
102
245
790
204
529
634
773
80
397
907
207
481
292
313
261
411
347
797
824
302
725
391
56
167
85
162
661
170
836
727
219
314
390
3
29
293
45
737
465
456
869
260
715
492
809
634
536
210
308
407
606
307
480
67
659
416
379
580
243
356
217
551
822
373
927
391
490
111
913
356
160
115
344
734
287
746
376
253
482
485
602
673
913
537
162
654
551
238
256
836
690
966
80
162
478
210
242
700
690
806
658
396
933
669
483
208
633
480
966
855
48
260
598
895
472
917
536
434
824
721
283
813
111
400
101
20
633
655
475
385
18
636
907
980
999
257
662
244
642
114
972
23
412
991
237
713
249
114
913
307
943
730
769
830
529
978
819
14
724
155
693
449
396
48
956
272
331
125
249
459
46
338
15
149
255
890
44
727
177
584
826
239
35
491
812
631
252
692
626
183
146
181
191
881
287
637
750
319
739
616
985
28
324
184
272
33
748
755
562
101
545
275
433
223
275
649
993
205
226
236
608
33
528
905
304
79
732
664
485
750
375
552
493
402
978
142
129
507
578
910
727
829
93
159
67
67
706
736
881
45
803
834
755
988
450
82
61
56
9
223
996
12
247
831
451
814
526
632
41
772
382
612
405
97
647
125
749
237
170
166
686
244
37
221
321
981
243
351
771
698
927
587
812
241
43
599
331
447
627
603
256
125
521
152
15
307
382
995
351
540
68
501
429
659
780
893
893
336
190
544
292
5
899
344
463
83
836
357
290
504
43
571
437
783
337
288
716
638
942
837
871
932
323
260
820
165
283
909
241
861
328
27
12
118
249
877
702
847
682
993
244
808
258
340
383
29
196
946
715
167
506
418
917
91
678
506
25
626
41
166
693
258
819
665
311
320
28
932
11
283
452
692
584
441
433
791
958
649
171
797
348
93
820
187
202
276
798
958
164
669
318
716
644
38
493
616
767
440
749
695
72
443
234
990
794
295
322
801
123
685
751
24
299
227
636
888
157
586
418
923
64
613
132
74
840
649
974
466
493
363
57
449
593
997
396
875
93
828
210
992
872
425
930
540
684
492
940
608
729
63
897
383
438
859
169
639
541
165
914
509
75
813
780
989
336
623
759
969
341
416
778
612
171
978
576
826
829
450
802
757
368
43
382
921
50
378
862
808
746
772
300
891
937
459
170
636
705
201
623
193
614
80
653
421
970
398
884
284
142
87
570
279
172
927
366
184
631
495
755
212
563
78
7
169
611
771
841
997
568
739
533
766
484
309
851
177
186
853
671
190
554
646
115
413
819
853
367
461
51
357
78
531
792
559
722
155
18
434
12
813
605
310
117
504
701
420
421
845
153
282
578
773
188
311
164
448
559
763
215
11
60
270
504
394
370
710
707
997
135
60
251
300
734
5
971
717
8
389
259
456
267
859
369
146
656
191
819
65
655
584
513
883
819
127
689
686
146
105
868
176
685
467
852
703
586
848
858
388
449
887
898
554
287
964
742
757
367
89
634
400
91
841
634
517
5
199
992
785
182
296
570
605
732
7
608
468
640
315
401
894
337
202
945
752
906
932
593
729
146
437
307
347
89
722
510
247
737
968
672
725
22
446
662
811
203
813
450
870
238
114
420
484
6
371
637
799
813
742
284
506
615
208
541
702
906
960
987
434
280
993
351
951
704
44
976
116
929
761
852
353
400
744
715
448
108
507
913
107
925
108
146
662
743
327
685
964
926
449
225
605
545
567
166
584
990
325
842
50
542
119
687
370
451
764
834
927
5
803
282
455
834
517
644
33
512
596
225
662
303
997
157
16
337
836
608
342
892
101
761
206
866
885
688
988
433
890
979
939
389
246
896
94
475
48
316
503
784
363
413
683
639
619
372
321
712
156
289
876
401
378
140
477
295
653
405
906
469
681
920
129
707
334
856
196
544
599
460
221
223
114
693
354
385
917
437
738
594
75
62
539
897
313
150
665
41
963
544
596
946
941
699
159
39
481
423
574
552
422
951
952
866
910
23
742
161
67
427
530
904
644
539
863
344
903
867
793
211
611
101
411
519
958
530
127
334
785
14
969
418
642
963
187
994
884
649
109
935
444
840
349
746
578
233
33
189
546
876
381
734
582
603
303
531
979
633
136
401
669
175
162
362
28
336
423
502
806
578
583
613
815
495
257
478
866
188
182
957
962
920
433
86
449
397
12
797
663
736
339
434
642
803
425
127
707
714
991
740
337
259
525
876
939
239
44
218
722
882
949
153
317
328
180
710
464
805
625
466
551
837
844
918
615
621
123
223
115
697
142
218
312
310
884
607
602
452
344
610
23
74
481
803
879
945
426
311
69
129
731
845
821
657
605
54
576
643
578
145
168
868
937
752
969
996
941
270
308
882
554
944
33
560
282
288
733
942
520
98
973
260
966
825
923
682
335
830
798
183
733
308
385
671
437
784
939
752
413
500
580
590
862
506
882
475
151
259
549
461
824
575
253
570
180
66
578
469
976
484
963
281
278
870
809
545
602
120
710
658
747
416
621
917
953
232
580
461
499
528
593
624
139
220
639
100
734
365
304
995
415
453
584
731
23
555
619
257
440
384
859
697
227
960
972
24
220
60
101
877
121
202
464
895
105
13
393
243
230
98
591
275
789
427
714
706
844
132
876
90
232
39
406
541
158
545
932
585
895
369
223
58
390
780
318
732
489
449
554
769
148
957
990
163
951
873
971
542
479
370
432
182
38
680
356
296
336
546
972
765
937
962
518
281
896
945
517
552
229
123
205
98
345
692
361
336
934
419
722
400
116
865
385
422
384
98
964
520
955
749
355
426
527
762
778
268
619
764
793
241
792
102
387
22
232
545
831
8
502
313
182
535
172
800
973
296
319
357
120
490
392
5
659
403
178
604
551
341
188
418
902
878
786
75
987
402
348
5
813
296
951
895
647
202
967
68
729
473
911
457
480
916
537
2
531
666
777
335
925
663
559
348
170
587
936
480
525
500
613
456
408
597
655
969
325
408
321
791
557
890
295
373
611
811
625
763
425
155
83
380
667
590
602
96
105
344
36
885
800
780
407
937
304
507
467
79
466
931
110
304
1000
558
696
648
746
394
952
950
897
709
669
828
209
482
325
103
72
528
240
163
856
915
201
70
273
886
900
788
914
167
548
712
869
746
65
319
73
670
118
332
269
567
265
912
194
374
178
369
217
447
444
448
320
937
381
774
167
64
129
393
132
995
255
901
975
947
96
684
286
913
400
217
239
466
512
129
732
219
374
682
617
285
249
497
397
272
782
12
334
852
762
890
997
319
130
842
608
841
157
498
377
352
777
80
304
405
835
247
592
306
183
543
178
742
487
62
1
797
323
38
587
109
612
112
896
114
226
414
178
138
429
168
608
158
88
694
732
145
486
568
478
616
96
267
37
166
221
568
403
49
243
329
146
76
613
813
47
352
552
588
318
283
289
900
231
541
554
371
244
390
371
852
555
103
926
358
497
228
530
93
120
642
528
560
822
477
468
230
751
461
898
676
788
871
545
118
648
454
193
960
906
902
532
657
392
863
648
501
453
170
376
499
528
748
264
317
415
151
500
364
335
446
771
988
383
706
297
774
603
468
784
105
604
523
985
207
660
200
80
378
522
279
491
118
601
741
387
721
11
493
626
911
493
464
178
556
722
456
581
582
181
743
504
95
246
764
282
776
879
761
863
229
223
208
446
536
518
527
885
759
487
561
392
529
200
727
255
50
334
303
130
733
111
500
812
162
899
755
523
613
115
103
60
764
283
712
905
233
103
592
876
941
999
379
991
753
367
823
872
153
170
543
922
332
925
199
913
175
331
59
192
437
268
624
592
545
744
516
170
7
479
827
948
988
303
977
626
274
552
604
214
38
464
26
507
295
363
446
711
964
402
443
976
762
716
966
37
775
446
707
918
118
173
427
121
17
401
784
978
573
158
940
977
552
307
903
92
266
637
611
27
724
596
954
447
115
908
590
4
825
207
714
890
47
627
26
296
829
675
146
305
985
464
917
559
54
689
184
1000
671
450
848
727
296
74
569
466
472
716
848
270
768
640
77
142
821
421
514
70
920
718
204
916
116
437
70
709
849
989
912
779
623
185
514
247
205
446
408
465
971
5
52
266
801
637
10
70
360
972
180
415
423
351
625
953
568
296
260
537
475
362
611
450
529
185
243
393
394
392
363
710
239
246
738
269
82
973
896
700
512
882
537
977
635
284
153
72
821
15
633
608
403
610
506
704
86
863
504
163
367
673
544
586
343
714
85
350
301
996
252
759
944
797
357
528
868
583
600
969
333
410
301
177
824
738
616
824
120
285
474
955
967
603
617
401
359
26
1000
443
914
337
637
623
354
591
579
766
493
351
548
803
600
323
113
74
929
223
428
924
892
149
396
741
714
702
917
427
548
593
585
791
710
352
54
429
317
747
228
688
398
35
465
689
938
252
337
210
449
852
608
727
61
149
10
755
166
57
966
855
132
278
740
858
277
850
265
231
877
306
747
32
461
315
113
680
827
786
757
610
922
867
977
891
633
541
605
838
706
453
271
827
908
284
389
574
747
469
414
789
833
168
808
781
655
133
550
263
303
238
850
406
423
709
348
1
226
947
895
864
948
599
149
147
535
885
219
188
136
737
72
666
964
844
274
570
931
468
475
22
416
198
796
606
605
591
490
933
41
909
513
888
956
416
875
202
97
132
654
743
738
111
26
982
463
751
207
566
263
894
179
586
968
558
712
788
302
4
897
646
538
465
668
83
759
243
281
233
332
441
884
920
359
935
332
265
460
129
645
345
815
166
572
389
950
473
614
651
834
37
115
211
195
859
436
907
397
739
383
82
294
888
909
686
31
204
3
777
585
332
320
904
189
441
535
929
19
530
361
471
200
39
519
719
543
82
303
214
194
123
746
887
912
716
597
741
286
124
128
180
849
879
749
893
955
791
901
128
837
817
996
235
145
175
83
769
548
492
45
803
765
135
333
618
902
714
812
643
860
64
691
229
312
810
896
50
932
432
599
461
552
141
811
489
788
788
649
51
297
577
169
478
250
121
412
252
202
206
583
645
854
326
869
319
612
949
852
603
189
504
115
489
501
241
699
194
658
521
164
321
587
258
841
830
444
163
958
694
250
20
682
506
116
49
380
301
995
958
27
733
134
306
739
742
596
789
968
2
432
854
615
490
542
312
847
881
596
976
144
457
306
518
732
978
370
771
520
240
171
903
19
500
851
328
3
971
988
718
831
11
532
874
454
515
248
591
762
408
471
245
622
462
814
158
641
237
438
53
102
590
651
628
450
525
585
955
866
729
20
579
479
985
343
631
775
923
974
412
951
754
157
429
957
371
868
254
650
578
6
938
958
686
479
867
621
710
217
412
117
27
323
815
766
360
46
373
774
554
49
690
875
137
609
34
532
470
101
157
421
780
184
957
676
983
59
277
454
431
718
674
444
114
388
993
612
356
426
159
903
402
807
158
809
474
988
582
246
711
727
348
862
141
127
20
36
637
623
774
497
453
706
545
507
730
199
515
401
624
699
296
578
604
124
928
310
1
266
627
522
147
752
908
273
312
578
919
578
422
856
371
158
967
603
413
837
76
831
313
482
782
835
631
231
225
254
204
8
627
763
497
612
28
337
748
913
206
109
229
993
299
200
426
567
514
355
754
10
821
896
302
861
662
933
978
120
261
349
546
206
47
857
835
568
278
999
329
499
58
161
807
733
746
116
999
614
575
437
758
779
895
635
752
625
433
913
320
520
814
728
150
716
917
399
398
834
921
335
952
311
836
992
892
309
722
643
912
864
860
704
825
215
388
349
956
777
844
452
955
731
537
936
18
724
898
322
392
370
193
474
231
568
929
845
974
771
114
597
59
9
718
734
831
30
170
37
385
501
892
559
911
379
298
101
551
547
498
459
614
700
87
58
967
520
177
997
54
946
970
292
302
305
826
360
45
160
671
622
524
836
352
74
933
812
1000
17
184
365
141
468
632
340
153
426
568
268
980
164
813
334
259
220
178
365
30
830
644
985
346
82
331
409
892
414
334
429
337
876
730
100
48
439
222
634
731
734
271
593
947
493
397
12
69
677
634
646
660
694
311
972
593
448
8
908
504
316
457
593
426
217
614
422
382
51
348
237
108
312
203
922
146
427
450
747
420
139
581
814
775
409
844
525
403
218
363
929
523
487
699
416
624
82
65
478
37
993
834
493
103
95
615
55
265
568
568
247
213
973
694
662
975
526
106
730
946
493
907
15
246
116
379
550
316
372
894
865
687
267
522
699
287
867
476
325
59
403
521
897
270
368
672
946
304
249
595
550
400
279
327
338
233
691
416
400
865
471
156
947
951
535
219
58
987
81
280
168
216
765
542
615
796
824
994
505
806
918
848
736
737
416
986
698
227
330
288
991
686
830
882
913
87
83
93
705
639
876
740
824
267
331
231
882
36
955
844
380
345
221
438
740
153
425
293
525
415
714
861
84
441
433
312
273
380
120
528
680
434
537
65
717
670
322
760
405
598
483
227
590
421
736
305
595
315
473
66
829
788
938
952
742
265
43
800
136
156
521
67
967
712
146
845
13
901
182
5
366
25
351
289
158
761
494
763
94
101
751
502
454
112
552
216
123
913
188
922
87
824
441
974
128
460
974
698
692
382
518
7
400
799
709
920
771
290
46
770
856
506
487
881
445
301
70
102
161
729
130
237
415
848
346
147
525
994
290
161
776
705
317
321
391
96
739
207
814
975
131
257
113
823
305
149
708
847
618
154
168
459
871
423
330
155
76
599
781
718
746
687
121
941
395
488
367
703
155
612
967
72
648
48
917
960
714
284
622
743
733
344
314
497
343
708
395
341
404
435
955
434
369
13
131
722
5
579
638
833
435
190
494
606
885
949
241
740
261
686
364
750
439
754
676
763
936
724
978
39
205
734
6
316
180
315
1000
333
83
949
608
869
420
123
295
650
312
152
434
300
757
497
878
771
249
171
205
243
103
408
475
617
906
509
373
755
373
650
651
157
886
277
741
44
246
127
133
328
738
339
932
671
177
156
323
624
106
268
883
364
796
261
598
62
595
225
956
752
48
794
511
890
68
673
763
970
172
990
567
907
5
48
286
57
387
181
57
961
960
273
453
898
841
760
754
116
633
349
514
830
115
928
651
503
226
176
573
23
505
668
819
527
75
310
788
987
288
873
617
900
112
74
158
147
372
305
628
493
895
901
548
419
187
626
917
336
217
118
574
592
989
19
316
743
824
377
888
165
381
247
710
125
319
924
672
908
930
455
385
435
329
704
757
967
411
963
966
875
155
680
554
110
617
594
302
756
109
165
876
728
391
121
820
437
171
904
867
684
697
216
830
830
332
379
528
564
67
830
403
214
151
131
990
364
512
257
902
359
237
225
352
381
978
319
106
568
450
112
764
155
233
350
607
362
483
243
365
886
751
594
823
959
246
831
635
656
214
491
970
892
913
180
636
14
881
309
165
673
295
621
422
922
517
875
786
915
698
817
110
677
146
769
106
199
46
757
610
485
610
326
895
976
66
486
255
115
462
21
446
988
733
586
534
356
499
928
412
964
925
212
535
646
875
65
549
540
856
930
978
342
32
939
493
282
997
249
558
628
456
99
11
332
486
5
553
299
182
463
360
785
94
119
899
633
982
884
288
427
888
366
461
794
936
978
745
499
781
96
232
420
553
232
942
941
65
469
554
705
734
681
947
489
862
922
41
679
769
196
351
470
739
861
565
955
668
934
131
500
435
822
798
431
506
77
849
554
196
610
816
627
595
62
662
202
640
602
462
309
813
806
600
608
460
253
437
678
987
623
669
674
999
589
992
874
291
416
812
170
463
314
941
364
55
76
562
315
187
508
40
657
445
296
290
906
144
820
443
956
660
283
339
427
764
706
18
534
520
316
916
179
420
670
699
686
16
432
498
461
692
928
679
321
300
659
932
791
35
973
517
209
395
349
885
265
837
862
201
81
263
737
250
181
35
22
114
434
282
959
513
469
344
580
358
493
263
574
562
485
714
916
807
122
807
613
501
289
399
310
31
685
710
275
609
736
916
373
449
132
151
974
329
400
760
618
102
100
249
429
901
43
894
924
456
59
567
823
855
879
638
179
292
279
942
708
693
337
193
652
950
504
798
565
353
630
851
219
655
340
389
858
793
910
865
605
860
68
185
962
612
236
431
664
119
408
10
694
821
567
643
15
661
901
280
49
310
887
747
937
898
373
21
560
368
55
920
61
528
544
380
716
875
526
959
231
959
510
869
993
539
805
330
610
631
752
921
36
18
754
416
772
971
152
168
578
365
675
742
422
321
771
744
542
481
19
772
653
677
815
857
202
256
669
975
830
208
209
955
407
689
553
898
169
863
578
572
113
477
889
394
268
780
947
477
330
774
223
794
846
668
332
752
662
297
68
659
223
808
462
106
837
553
468
664
612
187
122
155
825
284
492
50
69
141
650
880
859
461
708
250
483
405
764
106
159
5
3
172
931
894
551
480
238
400
460
624
785
764
680
149
227
895
160
569
131
403
554
785
540
809
644
937
974
612
45
461
35
941
108
822
80
639
508
961
562
792
909
312
699
808
517
180
801
726
111
58
210
658
36
314
338
443
581
997
938
385
36
964
346
14
359
551
411
159
939
889
857
940
849
269
973
241
771
26
247
945
979
96
170
738
85
223
963
699
319
462
602
852
382
990
20
69
860
463
214
165
830
315
427
782
534
909
378
826
270
560
677
909
360
287
722
524
710
841
115
266
962
547
635
889
159
960
227
379
757
42
896
424
469
234
460
108
369
986
954
469
705
222
240
288
450
495
340
708
678
442
393
585
911
185
838
465
826
451
896
180
47
215
374
983
537
619
721
437
458
670
465
863
914
355
963
835
713
484
124
599
556
835
187
780
345
830
639
834
742
901
694
427
994
447
418
597
816
6
718
920
673
223
958
493
513
665
66
386
541
878
1000
330
188
628
659
789
297
725
699
552
900
578
675
446
91
691
159
320
928
22
578
256
930
271
455
986
341
770
861
988
846
910
503
471
519
932
934
945
566
107
94
631
202
463
963
758
809
989
82
372
955
304
106
85
35
104
723
151
371
664
106
915
364
518
791
757
818
425
121
202
12
576
744
106
765
867
379
90
293
984
813
963
660
670
726
872
299
881
110
431
84
991
268
765
559
980
866
463
667
578
174
188
479
436
806
836
352
265
856
796
113
399
481
841
426
338
38
607
897
866
257
50
172
985
344
482
337
80
618
406
810
734
935
488
200
106
895
361
364
747
192
536
136
140
865
824
630
639
57
812
401
534
753
352
947
759
604
794
367
790
594
890
79
285
828
360
702
818
411
265
964
323
951
347
705
797
143
868
631
899
724
962
605
331
787
980
735
456
820
819
317
895
130
548
500
521
388
928
286
544
907
671
675
797
9
417
992
756
248
440
168
141
768
867
191
553
1
806
951
802
210
3
437
79
707
515
378
154
664
650
454
431
428
874
163
647
752
499
24
343
874
308
59
719
337
426
799
32
544
880
155
452
508
706
387
473
340
27
476
431
656
608
886
942
97
660
838
278
964
299
154
380
919
385
439
631
278
824
504
921
711
202
595
530
958
691
806
345
524
983
650
38
253
581
431
300
487
799
372
209
959
174
157
483
776
493
603
413
593
537
286
98
412
703
633
258
222
364
629
6
38
802
603
223
363
343
127
224
411
833
600
513
328
281
178
811
178
296
504
643
193
543
65
287
585
980
94
583
320
604
358
162
615
28
253
723
255
710
203
921
769
149
393
51
505
527
257
63
757
906
77
770
931
314
974
43
496
632
342
482
530
856
56
314
731
266
756
866
116
159
60
564
988
891
789
139
75
152
218
364
328
434
779
101
595
991
357
513
264
518
39
220
188
28
1
942
425
711
157
940
84
121
213
737
597
308
501
273
687
257
300
370
51
587
44
560
885
429
359
479
625
634
510
342
348
142
355
137
41
824
805
68
490
423
649
547
613
392
73
930
618
39
562
130
160
373
71
156
230
467
776
864
406
713
4
113
92
352
857
679
692
904
870
398
335
962
563
601
739
142
942
663
995
306
637
630
681
611
173
371
308
815
257
436
249
189
268
885
523
433
388
206
180
111
725
539
715
645
981
100
683
900
596
124
136
696
816
16
368
585
257
427
311
184
643
814
511
67
888
348
306
128
564
169
166
267
948
764
914
483
264
323
556
637
612
165
851
365
189
755
67
716
305
865
789
531
443
899
242
701
229
723
942
488
56
56
464
50
823
475
649
175
302
503
96
839
620
475
680
821
215
111
467
256
684
751
398
965
892
76
315
663
212
889
804
871
494
968
765
565
333
88
232
306
534
797
681
698
381
27
918
563
931
190
37
426
770
994
21
561
701
411
71
231
975
640
986
546
143
775
57
314
937
810
653
429
919
310
502
157
275
695
5
293
884
689
783
997
127
709
681
669
829
474
200
11
71
290
205
153
379
15
786
632
417
729
308
486
857
165
335
289
203
873
914
544
340
256
602
962
169
786
682
319
919
985
345
955
260
990
745
773
671
614
250
407
314
487
976
241
771
868
126
627
688
692
943
267
639
505
988
278
120
27
912
449
739
262
600
942
189
660
968
688
564
463
997
303
694
598
67
80
665
482
241
223
65
5
818
782
219
912
397
340
286
378
364
449
447
441
773
707
568
653
984
174
903
350
178
517
586
389
570
523
194
214
401
593
435
331
116
350
724
431
430
502
259
662
820
294
289
893
778
100
624
102
895
820
493
570
312
479
635
721
645
932
136
544
909
19
725
70
471
807
157
67
731
9
936
460
447
886
242
193
883
448
397
121
979
83
387
822
457
153
754
27
618
423
899
533
443
315
998
31
39
287
71
94
289
891
642
339
17
733
514
293
698
834
296
34
796
842
804
599
970
562
364
674
920
119
238
66
308
936
330
882
248
962
727
339
643
75
480
363
762
270
157
108
673
661
771
417
668
747
218
950
582
209
315
174
427
489
767
664
629
69
384
12
794
498
601
993
54
286
129
167
435
853
140
13
988
311
575
428
949
347
338
212
616
511
328
640
903
508
451
718
43
850
101
775
117
19
650
156
603
216
183
713
211
785
732
287
654
483
285
985
371
950
261
954
665
3
379
907
373
301
558
788
471
372
560
606
254
55
95
795
806
357
182
849
579
842
329
320
235
123
161
437
587
396
21
41
329
634
187
833
378
234
513
228
264
112
609
229
853
690
404
367
660
150
471
708
426
3
38
802
768
20
609
365
56
327
818
699
557
784
648
808
104
340
743
426
923
930
106
467
421
186
875
323
865
244
944
247
734
191
939
228
365
629
885
997
328
598
699
999
883
628
448
559
751
98
583
974
303
393
3
619
743
739
477
104
411
597
582
187
618
389
834
931
408
82
768
904
22
475
491
204
865
220
988
287
798
34
463
427
977
992
967
34
285
378
202
64
863
558
939
806
989
978
341
612
832
224
784
708
379
281
680
920
571
190
213
340
888
854
729
871
971
892
129
130
846
408
729
965
290
805
810
617
815
647
537
483
676
225
630
759
437
379
533
550
570
9
61
571
940
580
656
685
615
847
776
934
799
628
792
707
31
2
922
105
907
577
918
372
781
146
752
249
415
302
948
990
818
584
523
870
417
902
153
311
776
782
416
234
683
593
55
952
675
625
293
857
731
882
976
606
542
192
373
783
293
566
347
292
987
664
518
49
674
421
599
258
530
757
1
311
388
373
992
791
308
376
301
791
41
714
682
890
586
803
774
223
339
614
904
489
947
725
98
855
149
183
286
686
927
953
861
242
150
686
2
646
656
809
383
685
842
316
439
972
764
7
543
697
23
592
597
845
83
828
443
926
418
953
313
865
175
661
265
782
696
779
805
366
457
321
859
995
886
930
836
639
630
245
968
979
955
408
48
104
560
173
373
949
57
457
829
702
957
794
249
432
896
939
257
522
539
112
927
860
52
580
658
517
178
231
476
708
261
800
634
692
632
516
179
928
981
678
295
147
816
460
682
353
862
615
593
183
741
454
114
477
849
306
19
715
357
29
24
124
999
714
680
307
484
308
221
253
358
98
771
461
200
464
894
716
161
381
331
443
829
809
229
258
388
799
415
933
802
392
111
573
397
580
520
951
761
237
252
3
821
22
704
899
631
920
311
966
361
1
295
692
987
777
768
651
295
710
700
713
200
69
762
32
954
325
598
837
119
205
612
269
50
597
640
411
396
758
324
338
820
116
635
111
148
863
862
190
163
526
884
711
877
812
634
573
359
572
72
878
646
737
946
974
963
134
483
321
79
779
737
479
307
8
525
975
991
520
471
69
148
3
879
271
673
139
884
495
120
178
680
587
179
39
592
237
353
818
513
478
252
493
552
947
518
329
206
882
833
89
676
453
670
202
688
364
579
560
706
940
268
904
810
622
895
457
42
234
260
397
282
207
187
817
706
806
780
791
386
402
481
841
60
678
118
575
477
868
161
667
988
388
398
443
803
228
496
426
663
618
49
612
641
199
590
671
263
253
980
184
853
862
177
943
173
811
407
898
668
585
595
162
764
261
228
955
315
997
816
979
568
933
153
182
439
19
151
357
89
892
355
856
631
518
343
787
654
920
493
500
615
92
477
953
233
269
755
342
451
811
374
786
169
667
25
701
440
502
966
966
576
357
513
376
956
847
492
13
141
472
584
671
503
678
81
432
300
758
917
156
648
122
151
674
702
347
728
855
121
472
260
177
879
113
515
826
107
507
790
778
916
745
898
823
592
854
763
267
652
777
821
60
123
972
528
264
976
301
752
10
125
787
532
847
383
591
519
171
742
931
400
612
807
868
463
85
433
509
486
686
458
402
716
830
102
906
251
445
231
16
370
469
674
350
592
771
200
300
361
618
361
718
846
614
181
451
1000
866
197
667
607
1000
919
717
515
982
626
539
314
332
417
463
304
986
161
467
674
666
433
891
759
104
390
477
662
890
825
990
448
174
538
274
731
111
527
718
369
227
529
786
260
977
324
622
777
897
567
301
984
165
695
792
118
689
979
220
190
422
35
340
736
819
13
187
660
449
489
165
409
873
574
552
111
307
7
104
333
642
319
167
222
718
872
733
333
73
342
45
926
610
809
562
139
427
198
136
755
246
833
255
400
299
147
476
683
236
677
574
207
716
149
282
132
266
994
121
736
309
3
300
363
930
337
689
906
646
263
727
91
358
684
318
878
734
335
574
375
259
438
95
757
905
53
1000
38
472
407
34
125
821
732
80
488
563
399
441
322
989
985
283
411
186
176
866
643
415
402
83
759
891
805
557
669
701
422
763
346
348
452
68
457
998
884
506
294
470
169
488
861
945
616
335
345
113
12
323
834
329
869
453
256
718
503
980
928
765
128
861
506
94
875
773
874
163
411
606
791
691
944
981
536
757
401
969
166
180
626
493
615
212
442
696
96
928
741
344
158
104
145
634
446
793
432
529
183
668
685
136
387
685
769
38
656
894
741
263
538
970
625
700
656
857
839
973
398
762
970
137
415
29
724
261
767
85
309
912
925
320
512
903
914
995
880
480
362
627
101
625
468
436
539
166
409
704
457
49
622
894
506
704
785
190
42
191
466
849
488
358
470
42
402
13
165
637
711
942
9
182
110
353
468
216
120
465
864
174
252
492
440
840
336
963
984
980
486
502
860
695
824
435
185
893
576
922
141
950
727
903
965
736
95
832
799
396
174
236
896
411
805
475
637
560
305
227
967
599
973
468
627
992
353
878
942
944
657
792
965
193
142
353
883
108
994
152
839
622
354
521
241
902
472
525
482
863
697
53
650
675
30
815
655
134
759
354
356
320
155
844
451
500
193
907
678
752
894
722
120
86
263
369
742
906
316
348
535
163
439
116
608
473
81
109
968
90
496
85
814
869
780
485
590
287
308
345
584
733
736
545
900
138
560
13
162
153
111
219
200
342
403
515
357
265
951
682
271
185
703
437
509
57
178
703
161
952
12
806
597
67
346
779
916
71
970
167
608
516
984
797
368
459
506
14
312
459
133
159
952
696
849
107
96
139
76
901
608
837
371
830
975
735
575
433
683
612
32
712
404
813
894
393
571
26
917
602
21
827
713
258
410
248
696
307
21
574
953
89
316
940
195
879
139
944
631
507
824
988
330
442
393
275
722
294
162
514
649
623
404
288
504
968
310
17
924
748
711
537
277
108
97
504
602
872
514
422
417
990
428
56
499
915
156
73
333
27
447
347
637
847
877
728
758
12
722
654
452
161
938
428
428
141
736
33
237
363
948
806
861
461
157
103
391
654
961
178
817
405
372
721
852
714
201
862
840
486
212
812
677
835
778
606
549
878
98
80
765
932
979
308
93
485
353
347
510
999
902
706
952
497
219
383
297
884
666
755
860
93
934
118
413
475
707
775
369
78
877
62
221
503
88
118
730
266
831
632
583
809
634
238
474
677
338
981
12
543
317
432
846
289
153
566
929
826
305
704
559
152
230
53
881
334
706
506
635
31
648
621
328
570
645
727
79
401
766
154
849
71
789
455
856
206
143
564
457
182
95
958
81
629
67
346
392
931
89
986
20
118
542
516
344
885
884
852
516
611
516
903
367
624
341
557
759
392
970
490
462
713
801
784
238
783
176
381
854
336
769
770
443
784
651
795
657
832
446
303
539
7
947
968
126
554
677
136
706
733
255
279
949
403
160
414
991
607
306
317
619
545
519
311
702
326
535
730
126
887
100
697
302
964
669
620
240
487
266
504
339
245
743
610
803
180
723
949
212
381
103
470
459
611
119
549
320
816
470
640
767
66
477
651
911
956
78
278
265
138
371
12
611
696
202
362
303
665
869
100
573
539
609
689
642
385
103
338
846
710
702
867
460
85
372
289
6
998
364
243
804
950
614
448
679
581
210
171
379
643
543
821
1000
2
198
637
963
748
230
32
990
85
561
816
846
323
824
86
94
516
902
76
823
918
985
109
4
654
105
141
676
767
868
695
535
341
834
126
238
969
726
915
172
757
927
617
263
58
183
179
716
847
706
922
604
570
264
530
339
257
816
762
782
212
970
666
46
740
241
954
466
926
881
827
285
301
39
863
530
213
618
10
939
604
479
405
430
295
731
49
615
613
178
327
177
376
799
335
583
464
190
35
855
165
627
741
782
541
576
555
844
650
899
624
176
247
540
759
7
858
960
20
255
581
74
58
211
629
530
515
836
90
576
886
411
170
133
336
726
266
444
915
567
432
122
15
491
400
963
315
496
622
314
266
52
877
362
198
446
442
340
861
72
705
203
264
790
845
322
267
366
439
96
534
193
771
607
225
269
604
13
35
163
142
862
537
877
129
737
225
880
3
485
87
959
726
282
102
375
608
389
611
249
681
999
171
723
685
531
325
148
881
956
335
604
328
774
949
316
268
671
901
289
460
825
276
675
267
257
119
866
560
863
135
164
221
793
208
699
397
583
158
414
513
418
32
287
