6
580
575
658
945
671
7
547
584
404
927
873
461
352
254
439
827
209
584
242
936
291
253
874
116
996
732
437
822
366
156
945
975
729
737
285
669
931
724
856
108
309
389
981
203
696
967
900
177
56
227
672
408
27
382
655
984
836
566
214
992
649
411
424
781
928
172
234
330
686
291
472
610
478
579
874
870
699
100
454
737
986
829
763
931
74
651
753
782
128
868
410
755
49
563
364
211
200
384
368
187
642
964
436
51
574
517
304
468
27
487
427
664
55
799
1
344
726
741
606
976
467
254
656
916
915
865
869
200
781
954
465
494
366
749
173
746
752
354
13
373
801
416
641
47
174
605
739
287
302
721
668
94
45
343
755
80
717
663
924
397
844
295
479
699
179
529
389
228
684
508
360
676
326
608
675
1
485
491
539
78
289
271
154
598
962
548
63
760
136
862
332
893
72
82
189
161
33
628
386
334
987
272
613
292
989
221
285
119
72
735
992
10
296
166
852
240
700
785
535
977
720
34
245
500
983
278
652
611
821
147
201
362
852
892
855
142
678
613
647
804
625
484
641
378
85
72
833
441
325
432
732
874
245
366
227
170
85
108
66
153
957
198
311
7
487
988
375
224
468
390
290
333
217
550
775
257
691
525
151
912
597
593
867
481
798
969
129
319
834
334
748
914
411
963
130
40
356
918
486
651
834
205
539
887
209
387
128
406
716
120
458
129
911
8
953
269
306
747
130
26
462
450
86
705
205
120
748
752
764
140
53
814
219
235
905
257
687
686
959
584
220
100
677
214
304
593
447
975
642
324
257
868
581
276
93
326
180
396
479
32
776
272
142
314
333
177
439
454
657
451
19
524
537
588
170
7
18
563
1000
179
283
877
577
176
993
462
784
220
724
334
164
534
317
634
271
52
79
766
834
667
415
82
866
247
563
667
68
379
443
537
997
408
360
458
579
147
201
246
140
265
463
737
500
751
552
25
172
638
600
575
520
752
768
446
367
740
551
382
917
602
495
276
785
247
414
291
902
271
896
381
389
719
545
89
63
204
113
832
248
118
725
240
382
948
640
193
589
749
495
226
65
559
561
721
824
311
912
718
276
71
360
218
226
427
817
699
338
172
676
541
98
403
31
623
46
728
288
854
726
188
185
557
422
117
206
783
535
24
561
388
880
82
952
541
191
901
861
78
507
479
50
742
350
983
641
310
322
278
176
619
174
686
277
311
535
112
370
573
73
113
179
267
241
492
271
257
530
433
322
186
607
276
599
909
911
967
580
122
619
632
392
872
470
974
491
80
182
705
899
120
818
298
938
172
995
110
154
609
926
952
383
364
566
516
168
501
775
199
823
516
280
279
857
874
819
127
594
720
834
461
192
312
494
842
353
141
870
212
690
962
798
291
13
612
932
929
830
829
76
115
261
668
852
52
462
101
968
22
141
553
828
385
739
992
224
762
873
876
434
808
467
52
869
654
73
706
746
47
162
426
324
768
918
738
885
993
619
24
641
507
233
539
273
164
312
30
819
683
8
774
633
840
32
76
660
63
765
829
747
51
156
884
948
750
912
523
907
685
394
926
196
469
149
19
294
930
115
784
220
276
869
424
711
150
443
807
644
863
91
462
532
134
505
456
546
946
378
792
865
101
383
266
651
27
320
600
919
980
39
271
581
730
294
912
978
393
129
896
115
446
226
355
723
435
619
913
189
810
132
556
215
838
470
825
756
190
457
879
689
939
68
296
595
622
535
525
190
543
276
564
838
20
425
235
60
496
154
609
221
290
258
500
289
3
263
10
192
751
797
612
592
432
485
59
876
292
512
216
559
23
840
953
871
255
272
87
988
522
809
179
799
251
985
20
803
486
495
727
883
525
879
410
902
754
981
966
139
500
636
896
164
605
183
729
249
200
960
290
431
744
931
830
665
324
38
769
99
206
277
984
64
977
959
785
808
411
310
966
976
294
875
173
428
429
236
115
6
832
412
237
878
980
869
954
47
356
506
129
88
539
599
66
967
975
451
617
848
320
638
369
737
874
966
881
43
759
998
765
737
296
555
196
249
334
937
526
271
166
866
593
668
736
392
671
956
57
197
634
184
712
135
250
340
642
262
752
98
40
30
39
130
841
555
436
934
928
106
127
774
160
692
287
912
283
621
832
946
349
613
386
672
463
754
556
56
26
970
137
339
157
527
55
719
345
610
710
544
932
960
115
962
20
518
12
387
443
437
635
763
177
426
976
831
267
530
978
320
165
742
722
397
783
348
136
30
405
811
607
671
239
363
629
135
870
789
138
146
208
74
161
726
640
279
737
655
741
984
119
630
612
410
68
937
868
998
730
239
873
140
302
24
823
956
587
187
795
299
674
247
194
543
628
744
736
382
643
280
907
706
456
708
221
96
11
585
17
291
668
722
266
259
281
969
893
582
277
518
245
967
581
381
965
153
553
158
474
550
868
42
584
324
275
807
662
351
387
227
971
767
5
878
269
72
676
264
116
140
813
702
894
915
307
9
935
527
395
1000
234
21
181
708
825
651
551
417
931
52
783
195
680
628
137
820
756
454
21
620
716
437
645
137
646
147
813
235
198
34
552
671
173
600
949
69
539
664
168
907
958
142
244
302
778
352
596
922
419
389
367
270
828
584
358
553
697
81
70
860
430
329
376
329
342
366
352
107
489
247
411
740
882
270
22
848
984
533
368
163
987
149
798
693
501
479
349
788
644
355
190
480
338
277
45
34
196
813
180
139
575
183
852
593
535
796
67
254
747
550
570
453
857
860
817
173
262
29
179
313
997
73
343
238
49
947
319
118
818
714
531
37
930
559
762
97
908
256
532
290
702
874
459
289
27
792
940
662
141
638
358
357
813
460
417
287
3
265
468
682
729
768
314
519
132
953
112
571
237
950
870
540
381
45
414
794
159
312
496
754
62
96
164
87
900
911
44
116
373
387
156
87
494
290
131
615
360
283
977
202
412
538
318
635
556
675
18
337
162
822
931
352
248
294
918
990
473
484
764
412
330
239
254
216
610
240
489
188
734
178
366
415
980
248
265
316
262
861
420
18
457
257
801
40
619
549
19
902
925
748
951
436
492
773
20
255
988
795
566
315
429
367
941
322
497
729
928
142
86
244
952
929
643
454
516
698
729
109
548
593
745
337
449
397
122
186
839
556
742
466
999
697
613
857
497
632
758
450
816
808
454
569
664
142
795
239
240
960
448
11
146
126
915
721
753
701
730
475
22
915
711
952
530
407
485
658
377
65
430
127
236
612
258
709
724
596
430
439
505
386
376
864
256
58
62
918
172
779
185
183
456
612
82
970
69
865
271
61
956
857
90
406
514
958
526
516
8
625
714
955
614
258
32
525
967
13
62
65
726
502
184
33
682
779
139
747
140
534
843
196
831
483
147
236
798
865
247
656
583
731
232
425
828
517
217
889
974
867
32
954
353
801
833
839
969
209
84
663
702
534
849
43
767
385
28
84
682
523
918
228
232
125
394
926
554
190
459
972
33
418
25
63
945
506
259
966
321
209
840
668
199
107
4
127
790
691
668
162
96
640
411
276
841
12
931
679
630
66
814
805
657
532
866
303
827
194
911
753
999
403
309
800
52
86
344
706
840
632
347
479
528
851
961
96
536
36
494
547
789
207
730
537
590
946
297
176
26
544
971
47
895
645
616
535
706
183
754
45
922
518
970
257
306
593
773
782
780
754
750
141
26
767
132
643
662
318
86
931
256
168
926
263
129
832
813
33
713
807
372
81
482
561
391
193
787
373
897
707
615
566
420
552
266
998
644
754
934
723
458
584
791
678
17
307
976
424
650
646
354
304
74
11
222
199
967
861
32
104
519
38
668
231
980
224
38
923
495
99
784
238
337
762
582
901
707
747
812
908
99
317
440
228
876
876
554
666
490
549
468
237
241
47
639
196
569
220
694
295
260
66
423
184
542
85
624
671
670
628
226
715
673
945
167
119
891
427
847
734
57
731
365
524
22
151
544
992
941
928
234
178
402
96
851
150
330
936
173
515
226
145
334
936
381
594
256
84
696
194
638
50
467
623
838
137
762
963
934
281
821
879
691
101
544
354
566
539
717
460
86
169
384
587
1
556
320
221
287
713
90
527
531
843
243
254
461
636
953
864
734
266
26
749
642
664
716
296
384
687
125
206
287
145
352
199
715
38
590
839
680
842
571
753
317
504
365
579
891
314
231
643
11
739
118
514
854
222
344
464
698
510
976
987
500
961
763
839
254
118
945
948
493
538
250
442
551
842
201
131
519
616
503
431
411
132
822
714
99
959
460
857
488
333
124
346
87
347
815
52
810
573
686
394
209
564
263
487
42
1
384
10
42
994
49
267
891
545
162
555
803
141
105
931
211
772
325
879
670
898
57
598
381
526
313
76
588
414
787
188
173
540
87
711
602
441
627
995
706
143
650
12
884
562
350
227
298
114
150
333
62
113
360
911
388
746
33
234
126
937
948
38
69
447
148
239
989
569
208
807
902
91
177
31
686
713
90
437
974
879
550
305
473
760
107
30
66
189
412
580
535
50
400
364
993
353
196
442
997
326
97
509
477
974
611
752
793
245
506
731
79
375
109
173
941
167
232
205
394
790
219
352
296
379
956
280
766
943
506
133
875
110
460
461
373
206
936
526
622
113
104
687
352
62
708
931
54
781
21
933
856
15
703
752
393
455
504
258
443
572
228
829
515
535
745
732
49
42
999
374
998
466
564
522
693
431
218
181
119
938
129
410
189
325
257
856
275
783
566
671
728
447
950
561
393
549
123
395
41
766
698
603
766
735
142
378
637
539
266
725
610
339
211
547
593
786
912
115
938
159
689
291
601
774
377
519
757
360
734
937
433
539
838
725
658
499
685
571
544
724
380
556
184
163
370
134
684
17
540
351
314
835
330
786
733
856
44
979
705
217
675
955
676
89
136
462
799
345
751
21
732
301
15
758
900
791
672
728
937
397
754
603
924
597
550
967
696
799
863
769
198
105
733
507
208
13
799
280
267
716
183
227
175
319
411
751
401
465
343
292
528
692
900
875
631
988
41
3
498
585
252
598
203
689
755
102
248
145
706
27
603
476
668
493
468
54
499
953
94
801
308
699
63
420
514
178
391
582
209
827
488
123
521
336
642
443
69
178
393
522
765
939
903
857
63
59
711
252
963
627
471
215
598
621
816
96
404
949
7
560
438
339
686
744
337
713
68
211
984
870
773
976
707
438
606
442
610
785
832
640
622
587
151
663
952
704
702
458
60
310
696
73
704
124
291
10
417
739
911
399
337
357
208
441
203
974
494
956
635
715
18
468
354
100
805
264
448
515
188
697
487
777
233
477
483
125
853
88
839
138
914
21
55
71
383
69
646
7
985
848
679
663
118
684
92
406
355
710
814
779
454
929
213
458
163
380
442
804
484
306
808
29
541
980
105
87
455
2
712
977
627
74
836
54
779
116
845
20
3
22
99
337
150
16
139
689
563
262
296
767
871
435
741
148
578
61
409
52
332
560
494
1000
129
430
636
449
17
328
957
359
361
769
27
857
347
506
838
702
834
625
374
582
348
587
162
793
393
792
249
456
113
692
998
961
261
605
55
282
936
871
319
516
295
633
800
703
778
909
707
681
787
960
527
422
975
531
257
869
59
13
88
90
51
43
138
284
32
690
79
132
273
63
685
786
539
95
210
350
785
654
515
977
486
45
103
682
437
433
709
271
894
519
15
648
375
850
464
353
748
698
596
286
726
950
795
61
766
757
744
82
651
739
813
114
209
486
409
53
101
36
672
680
151
764
320
885
911
792
281
104
800
851
498
973
20
605
481
676
254
88
227
707
734
14
564
956
462
588
156
272
377
845
90
147
768
741
735
689
177
58
532
670
605
832
501
973
498
242
36
550
964
569
922
818
529
200
812
936
106
138
552
55
867
403
912
126
657
390
943
750
875
914
934
471
920
528
975
416
603
512
898
346
849
647
174
139
734
235
15
448
23
722
391
158
157
37
481
121
391
540
513
166
695
524
698
250
769
430
769
268
740
333
892
299
255
556
190
749
992
100
847
222
486
433
946
249
292
52
868
417
611
688
319
81
825
191
215
229
420
69
644
125
808
211
198
81
726
483
998
487
668
333
297
828
276
410
776
147
109
177
3
899
986
705
468
129
536
509
602
166
473
390
124
830
997
802
205
734
865
237
33
514
319
305
934
995
773
196
723
400
217
655
162
708
490
316
740
208
475
717
649
976
706
870
659
969
484
504
650
28
51
331
928
523
924
247
117
498
851
572
249
221
573
671
73
897
216
860
167
728
977
608
178
733
321
207
956
279
767
181
914
250
605
418
100
474
107
648
770
183
843
961
924
65
444
453
940
44
211
867
925
703
488
109
330
228
367
461
339
804
43
161
991
6
586
615
77
807
348
666
4
710
636
201
25
833
480
324
458
791
396
476
106
806
196
816
235
207
677
829
362
657
264
291
593
414
708
782
657
29
558
921
297
767
602
345
822
979
650
951
266
164
580
387
779
28
801
670
166
845
737
37
859
547
820
483
937
780
822
217
377
167
613
935
525
154
558
222
760
693
577
552
888
766
701
741
92
492
478
749
400
789
724
488
26
50
348
102
324
464
777
869
243
9
428
901
737
139
372
962
696
19
719
353
613
261
681
520
732
111
766
29
672
86
870
413
498
547
859
346
939
882
802
897
444
764
123
71
64
480
677
536
447
767
508
671
431
118
43
838
472
198
939
794
238
110
567
822
576
970
373
695
290
632
661
908
420
491
396
919
620
497
422
707
748
383
303
1000
507
107
921
628
43
251
586
426
953
669
454
92
902
465
77
84
342
181
601
86
36
220
556
235
390
90
3
163
628
783
404
857
567
155
511
76
861
723
244
596
446
604
623
313
733
174
696
65
588
605
214
613
642
405
794
121
796
414
38
19
389
656
297
386
932
107
147
249
604
941
594
388
467
690
768
776
941
523
471
227
50
735
909
69
775
958
783
508
386
206
988
108
993
779
349
797
630
689
984
249
646
189
888
754
804
37
659
605
905
532
824
193
578
110
566
761
847
774
214
91
135
693
284
644
570
35
123
124
225
795
162
743
625
389
122
363
80
391
176
27
63
494
97
889
386
509
671
45
165
965
976
728
501
253
403
820
15
746
397
98
242
44
919
550
871
379
932
431
969
364
907
973
912
244
604
328
47
685
217
666
558
188
568
915
355
182
534
252
747
789
885
187
395
859
198
714
710
66
425
875
761
885
126
506
339
997
706
564
454
876
359
865
263
965
531
448
267
706
44
241
999
166
896
172
483
718
310
327
960
953
822
496
799
68
52
624
445
573
225
617
831
435
813
46
561
408
898
330
867
609
937
862
723
294
114
666
95
448
367
807
225
288
340
515
494
587
199
703
945
202
520
384
206
89
287
338
613
982
799
823
722
220
893
828
537
804
505
85
671
12
935
846
858
251
804
976
697
241
792
330
180
19
496
666
65
747
208
299
164
766
257
222
369
316
169
158
866
133
196
468
794
461
871
853
388
408
967
191
980
931
772
855
374
566
313
924
952
73
230
474
735
223
678
715
850
992
395
158
16
169
189
839
648
453
577
948
725
963
158
546
632
986
51
710
716
280
201
121
693
363
209
12
140
623
883
412
668
840
448
769
98
143
289
184
595
118
85
491
349
555
487
566
885
711
97
958
57
669
908
356
143
309
542
544
654
928
167
818
266
883
946
367
223
349
947
50
911
63
184
503
471
763
176
469
380
994
394
927
991
318
682
553
303
449
128
980
255
154
418
683
171
9
38
873
955
409
248
140
320
43
795
708
897
781
142
771
100
805
699
679
525
315
448
205
197
644
227
919
453
975
407
753
581
966
11
226
27
334
383
140
107
87
955
597
81
629
135
791
257
421
483
734
592
103
353
722
651
657
252
377
666
508
748
345
2
194
523
174
849
731
740
748
680
35
175
354
396
576
974
647
175
351
263
238
98
572
629
272
658
482
208
493
802
376
468
388
643
315
408
456
489
11
338
519
283
384
546
992
356
369
490
800
614
5
827
91
633
223
678
243
989
819
249
313
64
547
664
106
441
924
880
111
856
70
161
209
283
274
388
550
415
996
291
517
254
297
52
617
795
753
379
845
330
109
696
764
999
706
622
749
342
293
246
127
569
865
308
610
987
707
365
795
54
714
268
508
105
98
898
830
431
949
838
728
773
216
127
970
271
153
691
562
36
386
502
352
828
187
692
457
206
159
302
405
768
994
212
985
117
852
715
814
829
743
589
417
958
786
161
700
55
953
267
530
225
684
959
587
581
124
175
284
19
436
12
882
142
434
316
133
634
781
288
50
327
733
40
873
613
893
198
9
729
929
375
336
61
862
253
593
235
546
481
766
136
363
11
572
369
648
245
5
772
688
950
794
250
443
424
350
920
735
642
318
318
490
528
508
308
965
889
371
176
384
199
203
454
308
577
400
119
549
801
653
647
516
831
180
608
551
66
28
521
831
165
252
710
474
224
707
951
528
550
855
356
437
366
669
258
395
763
400
328
649
533
681
136
904
519
908
637
480
395
788
753
497
152
194
871
669
415
182
292
566
608
133
463
56
373
876
312
58
477
887
749
364
860
698
503
472
953
941
291
91
729
96
462
315
212
830
289
282
438
411
261
766
511
883
636
927
670
42
461
507
952
553
777
336
488
330
568
709
793
656
959
489
604
664
521
883
930
279
935
447
252
104
58
138
47
108
417
594
17
984
684
479
945
850
628
313
513
222
538
278
11
516
507
493
268
203
603
699
575
127
222
446
671
56
202
735
344
639
122
964
169
478
161
477
274
239
473
492
263
254
169
65
571
201
786
568
894
690
256
130
163
350
886
500
720
577
448
241
646
831
702
452
583
342
417
46
437
387
542
268
832
929
36
397
31
483
387
706
280
161
450
449
412
635
638
612
782
978
987
620
552
852
995
136
240
315
464
814
995
702
484
358
832
493
502
467
90
479
726
212
121
44
48
587
271
553
855
371
641
553
631
677
91
834
549
393
328
516
443
87
251
181
492
60
715
848
83
149
807
410
992
172
972
343
123
39
739
720
376
961
589
731
318
695
911
252
646
955
565
795
622
783
342
90
350
197
711
668
180
414
721
701
913
608
630
982
567
911
763
902
525
756
617
363
850
657
485
370
837
802
310
329
965
815
832
284
909
21
292
275
21
615
28
447
866
656
610
628
111
328
750
576
754
736
830
758
923
358
985
484
367
985
976
705
450
723
467
890
568
8
804
99
729
208
887
757
895
526
953
225
235
170
373
377
810
373
943
79
408
830
283
712
557
317
495
210
521
784
553
837
525
243
387
682
492
339
389
560
615
66
715
213
361
319
377
867
625
204
97
770
265
616
994
258
644
565
413
617
509
266
765
386
161
412
34
449
692
345
724
32
24
918
646
742
897
829
40
609
984
460
509
752
221
582
562
835
745
494
750
982
829
776
491
541
245
556
50
69
712
63
949
883
40
562
312
243
852
832
709
831
880
305
493
594
40
23
609
608
556
889
864
565
373
160
762
503
362
168
943
202
907
721
750
489
43
207
335
827
594
281
911
317
987
599
415
880
585
289
197
116
573
652
648
650
551
564
789
114
54
348
939
931
631
580
760
31
313
856
405
916
181
766
44
730
637
473
894
537
978
275
215
165
369
568
204
316
597
794
510
537
799
322
904
881
82
831
208
432
380
226
148
250
636
158
144
47
495
552
459
45
165
751
115
439
168
705
394
89
193
965
621
525
138
971
694
250
19
613
539
354
575
350
685
3
969
706
274
288
775
264
59
483
290
885
472
144
906
4
649
6
105
778
141
811
889
359
455
278
3
654
261
445
393
487
935
935
476
267
583
433
397
701
765
299
639
725
968
824
803
438
834
174
885
983
528
15
839
467
735
7
891
358
870
775
118
431
95
432
127
824
712
914
321
556
659
790
453
495
335
716
918
523
677
482
933
296
113
998
150
878
955
503
665
115
891
914
410
380
542
173
15
599
977
726
348
178
333
301
301
559
75
958
62
650
530
758
530
587
885
179
24
873
81
684
266
159
525
899
712
677
197
828
789
178
542
389
80
326
26
784
575
636
631
612
627
624
232
484
686
886
282
983
618
536
843
691
471
711
944
15
54
548
1
903
395
806
599
165
21
35
274
871
588
860
75
829
797
200
875
880
927
288
825
262
288
628
572
517
683
75
939
492
573
242
133
511
114
270
37
951
205
496
974
58
544
850
4
809
935
531
893
149
266
948
905
510
830
980
338
13
863
264
775
988
951
451
574
633
231
658
138
600
360
992
484
435
893
150
436
741
680
930
901
37
237
540
727
938
206
411
815
601
990
189
312
517
349
931
313
904
608
363
82
211
542
125
281
838
165
604
914
725
853
640
7
453
892
268
303
228
638
782
108
291
731
741
847
244
39
61
786
857
303
143
939
518
733
539
816
210
681
507
581
995
329
792
199
122
237
330
438
769
764
465
159
786
201
817
946
188
190
109
717
515
61
228
42
256
568
241
219
548
856
304
820
782
163
373
307
334
218
183
108
770
91
625
172
247
27
76
87
210
586
648
563
402
893
178
507
838
450
488
717
954
265
546
301
919
36
471
387
809
858
321
369
877
718
225
645
249
823
936
994
177
745
986
494
15
865
380
125
309
375
651
616
100
609
89
907
506
568
944
229
9
848
292
273
253
298
713
808
130
631
534
946
911
160
674
473
852
449
935
755
211
853
7
550
893
590
752
433
541
193
827
811
827
208
751
497
981
640
771
152
883
144
77
405
183
379
949
748
400
885
400
727
641
172
68
140
164
313
137
529
649
410
430
886
12
727
460
216
997
355
564
875
564
314
375
975
498
307
412
651
941
713
969
252
45
167
78
141
662
569
970
641
440
361
235
233
193
7
566
967
297
348
605
148
837
839
89
880
162
241
660
638
531
838
544
885
107
964
78
425
466
987
796
519
112
624
254
16
778
1
147
917
223
348
270
44
732
1
12
498
654
960
2
776
754
552
346
293
10
876
570
842
155
922
972
592
769
570
1000
817
127
966
166
775
903
82
698
839
765
600
969
147
913
915
706
333
817
965
797
688
944
885
243
339
914
192
350
34
302
511
848
977
380
880
308
78
804
534
993
481
990
702
379
325
259
621
713
329
301
495
580
803
909
177
812
332
658
832
288
190
468
534
773
450
207
741
404
297
879
312
944
926
630
274
456
474
399
59
999
732
849
782
601
319
533
233
294
363
542
296
766
584
365
202
934
561
818
868
681
124
256
736
530
133
13
168
18
497
8
188
82
514
825
194
911
333
711
365
463
452
621
34
278
91
390
558
693
337
918
760
510
471
651
241
665
441
295
412
414
557
432
430
408
245
294
599
208
365
29
121
248
39
934
517
23
436
784
470
51
315
633
243
559
257
25
559
483
166
25
752
866
710
100
969
783
311
412
433
629
990
844
937
224
370
637
116
912
953
716
895
980
570
919
155
207
364
702
933
680
66
121
458
749
571
653
649
495
399
277
724
794
358
973
157
162
448
532
824
873
214
884
787
377
822
110
733
122
328
308
72
936
502
290
334
803
917
378
803
131
989
298
792
244
548
622
147
251
431
123
363
467
438
93
380
91
107
627
101
406
748
16
444
965
290
988
839
621
654
563
574
692
333
452
274
783
384
814
309
664
385
45
223
715
77
448
157
204
269
945
319
363
720
987
83
598
901
206
132
28
154
717
243
990
797
11
483
461
924
405
735
194
165
784
950
563
859
616
145
153
107
970
488
432
316
639
774
477
202
923
141
794
924
783
272
898
771
758
589
103
922
269
231
498
227
661
707
953
767
82
709
823
878
532
974
936
767
381
951
929
860
876
895
806
509
194
588
899
688
560
847
154
723
862
973
566
94
885
271
976
906
80
264
376
523
948
847
81
956
703
678
364
213
469
105
10
76
806
489
306
391
828
12
793
986
465
797
141
538
587
571
886
972
198
739
91
504
527
892
342
98
462
111
70
464
663
915
19
152
716
887
394
501
499
308
816
278
359
91
359
863
1
875
502
619
801
846
37
398
93
177
424
483
226
698
356
933
531
717
500
775
592
173
630
976
137
364
427
985
331
280
253
252
388
269
901
741
965
926
380
491
916
353
584
866
695
837
896
712
449
670
75
56
345
532
769
364
854
288
61
341
183
222
57
148
976
519
940
293
224
872
604
305
318
954
497
636
966
48
617
767
491
27
147
310
933
148
389
495
182
258
855
621
958
38
158
2
403
997
304
548
120
608
981
456
947
203
824
548
393
436
745
547
247
633
580
99
467
791
28
115
987
844
42
457
536
331
228
574
104
374
31
426
272
581
173
91
865
896
275
972
847
183
147
566
357
650
549
926
410
53
997
32
269
21
262
807
571
706
753
967
971
824
214
958
421
968
471
819
108
460
773
505
861
589
684
525
364
985
850
144
764
732
263
610
278
165
771
101
207
361
187
286
512
574
143
198
407
774
938
689
532
618
634
128
825
848
592
584
428
336
501
135
785
626
920
181
32
318
939
532
957
540
1
631
908
847
506
283
506
7
111
303
86
364
670
98
467
357
294
279
472
517
104
217
240
392
161
772
771
360
960
444
691
674
793
955
277
729
239
672
777
877
731
980
13
409
457
485
836
263
476
531
879
193
868
351
601
729
386
953
855
809
13
254
807
328
451
819
150
303
847
379
912
339
771
674
131
485
396
143
968
964
929
308
588
164
193
280
793
184
816
273
177
98
743
459
93
728
784
385
681
811
30
717
957
989
319
685
709
841
479
885
503
742
489
802
613
265
623
310
316
509
730
32
730
582
966
932
474
980
420
320
627
562
845
179
959
901
642
772
551
301
314
960
472
425
230
124
238
682
311
633
80
143
750
10
260
726
404
97
59
261
473
910
192
773
147
705
837
530
793
864
398
994
548
636
662
967
460
96
815
422
367
111
105
779
453
927
192
363
642
82
210
98
469
776
409
740
488
38
834
149
129
666
117
344
610
191
149
401
673
323
184
191
273
185
477
625
133
482
773
419
822
593
166
943
433
739
859
996
191
652
275
534
316
115
105
499
508
951
855
698
22
876
7
133
777
314
640
187
116
367
223
897
425
157
614
666
691
196
613
820
79
647
716
430
509
729
223
701
828
39
823
693
745
302
352
647
247
501
51
616
779
84
889
562
853
4
925
200
300
666
290
573
394
997
407
458
447
208
4
350
424
410
75
615
806
395
18
742
832
253
160
450
356
678
843
326
615
296
921
889
428
461
814
509
308
253
666
783
124
451
608
562
253
865
46
394
857
27
518
233
512
425
38
785
614
193
991
110
335
519
450
605
105
826
443
37
158
752
36
13
675
610
788
243
243
252
924
573
598
630
421
666
333
180
108
567
114
539
862
466
141
348
259
537
983
232
814
97
896
72
269
662
542
94
11
875
446
154
568
910
634
896
443
217
518
44
660
27
362
813
741
387
371
956
820
803
974
294
243
733
143
740
329
398
359
288
590
650
224
915
347
763
204
431
198
997
339
382
932
449
171
499
33
395
185
438
7
13
384
250
261
225
398
321
26
695
102
357
937
438
337
133
722
567
533
922
932
918
188
73
506
172
249
108
188
635
336
88
914
434
532
196
361
330
50
956
104
788
160
671
528
474
791
672
806
361
467
520
554
303
669
991
629
512
913
563
362
545
515
553
335
117
283
277
206
713
550
201
465
824
562
33
641
78
253
699
593
287
954
348
829
368
496
874
99
142
854
1
536
521
50
135
738
511
138
924
131
412
296
486
383
287
590
733
145
184
423
812
143
501
635
845
73
509
523
833
233
733
424
979
688
751
664
740
122
835
553
276
97
314
393
653
461
115
219
711
913
174
174
809
668
517
35
288
826
268
26
640
593
630
612
660
597
276
978
913
356
880
944
213
945
581
101
242
571
112
136
278
26
776
690
767
377
823
397
29
643
974
163
956
598
510
212
118
151
918
997
166
653
250
623
753
869
520
714
582
717
911
416
132
335
419
201
56
297
346
79
228
123
943
203
262
985
714
607
458
121
660
852
717
134
465
577
612
310
739
688
461
993
154
556
612
276
791
382
282
199
291
310
915
654
755
889
564
132
681
182
435
512
872
885
877
288
332
820
207
937
930
917
215
303
578
402
508
845
965
873
541
354
618
180
933
306
326
362
518
335
51
148
681
402
176
671
947
763
606
808
66
641
924
948
512
35
425
87
6
585
511
293
533
25
633
454
645
492
490
697
244
639
717
722
650
300
663
341
249
604
600
542
319
764
698
982
553
509
13
734
361
401
509
584
779
338
1000
214
149
996
204
196
576
362
145
467
894
493
974
495
733
661
670
21
229
258
485
658
856
135
582
881
650
347
990
999
248
228
511
970
254
371
134
546
601
598
510
922
473
572
124
854
760
243
814
96
428
712
407
704
685
223
947
944
311
373
807
784
440
694
302
443
728
878
190
782
928
873
834
12
404
222
482
101
731
941
310
469
34
739
641
508
88
630
689
201
824
392
245
862
323
649
914
817
246
646
816
498
129
73
938
876
78
757
86
303
617
696
447
941
442
75
640
810
95
740
327
980
718
652
711
396
973
316
379
750
213
771
38
592
870
56
311
251
114
540
661
372
310
298
77
517
118
122
970
91
137
883
323
726
411
395
984
618
577
458
693
309
258
495
226
8
840
366
633
537
938
746
886
424
279
810
910
412
393
610
63
475
48
35
855
362
425
468
434
141
49
697
353
660
363
423
114
566
132
782
226
837
546
565
439
394
180
816
746
768
32
26
209
89
656
908
717
830
241
506
402
361
220
434
565
553
507
568
256
503
830
543
226
833
712
64
475
536
135
676
597
909
83
359
67
423
112
375
169
16
231
112
538
693
3
250
926
715
665
154
412
230
418
689
154
567
220
991
604
410
957
734
501
947
719
104
621
865
161
153
344
11
778
762
351
43
799
528
812
63
144
331
611
628
312
823
315
833
103
614
146
394
401
690
465
591
384
411
814
595
587
676
227
206
236
526
772
354
952
539
76
150
65
642
702
431
624
932
341
428
579
737
235
991
945
635
829
33
443
689
140
447
612
770
786
202
929
894
525
792
339
620
744
971
322
416
768
563
190
470
255
292
851
345
993
756
880
100
656
50
582
736
444
402
15
722
501
435
172
749
970
495
889
917
902
414
762
688
933
232
248
127
189
757
197
821
430
588
58
209
11
586
845
279
148
662
473
330
150
459
105
390
262
973
162
128
864
819
629
156
697
240
965
159
726
252
281
894
376
583
150
715
128
811
809
221
12
492
187
296
382
513
173
691
575
902
955
180
155
677
520
606
761
118
234
616
182
133
613
218
523
506
644
885
775
244
253
51
422
104
276
81
262
776
396
10
93
437
284
395
771
996
538
955
107
913
543
823
854
944
193
426
346
289
423
729
458
223
483
693
248
573
113
76
87
910
477
774
438
951
639
497
611
284
889
887
398
645
577
235
94
554
300
950
935
432
288
113
950
483
898
844
707
586
213
408
118
791
410
96
226
75
315
142
316
133
65
683
339
230
834
497
734
538
918
114
87
260
158
436
347
779
876
96
662
753
171
520
583
439
30
48
480
750
318
949
747
622
957
309
796
518
214
393
657
982
941
539
652
934
32
773
332
866
556
696
40
627
666
44
485
4
170
836
941
977
541
217
268
715
211
679
775
628
802
167
580
498
564
117
310
385
195
579
381
846
952
278
419
883
633
958
331
671
28
690
239
140
394
203
933
221
893
105
848
261
601
835
302
946
249
981
80
197
581
628
410
428
612
27
981
986
782
387
157
298
511
893
396
113
548
164
766
190
319
371
595
71
87
697
789
910
480
27
661
36
97
949
14
830
234
632
443
600
436
125
348
870
62
20
581
427
465
713
973
956
750
128
446
466
450
261
830
809
619
108
572
644
322
448
521
232
53
91
765
121
61
135
962
709
298
904
312
321
393
97
318
278
729
969
723
846
640
869
701
615
72
765
94
514
654
847
315
558
205
874
798
417
710
947
788
822
982
548
823
662
124
443
653
336
729
225
187
43
987
544
219
777
388
577
838
299
544
555
960
436
543
656
720
14
79
365
844
185
730
220
977
689
245
387
953
312
458
662
58
68
320
58
180
535
253
672
473
672
250
311
821
335
669
87
829
815
498
650
291
216
268
26
638
440
538
235
888
602
306
317
183
489
987
130
979
166
866
810
624
862
548
408
639
609
81
697
542
480
122
602
561
277
207
395
526
594
366
706
408
417
254
205
797
301
199
455
856
607
122
30
998
12
303
738
708
120
343
327
332
908
322
294
750
269
6
746
953
716
304
236
196
273
698
124
382
567
232
931
330
325
866
869
981
692
536
729
423
596
284
63
995
657
632
622
490
243
469
277
505
420
466
500
425
522
227
191
779
567
459
646
898
522
682
25
405
897
832
62
763
346
923
343
700
857
544
898
44
270
124
637
406
347
120
978
687
13
316
944
554
89
598
223
214
378
685
742
366
818
302
895
419
991
988
265
390
929
148
285
768
496
622
215
653
251
105
428
521
892
341
821
380
395
842
820
786
309
663
226
914
973
726
312
412
670
356
296
354
756
437
515
190
94
997
893
361
481
474
699
543
103
4
450
78
594
207
672
759
337
136
93
747
104
679
285
62
173
760
972
720
532
223
914
436
466
736
652
224
147
219
268
989
377
885
160
765
392
766
80
202
665
276
110
523
797
269
504
567
264
566
650
131
125
427
619
45
193
747
264
121
283
863
798
1
677
115
1000
175
117
76
452
943
38
9
562
584
988
937
770
863
308
502
979
804
187
962
961
720
602
37
50
242
993
987
19
852
636
798
18
265
485
928
70
978
608
287
179
678
692
898
75
335
627
285
861
520
2
434
643
7
736
843
155
381
921
838
942
567
960
734
849
701
117
896
549
397
288
669
992
196
271
210
548
480
687
676
199
819
419
429
989
300
511
31
969
247
166
982
984
902
593
195
860
294
964
280
410
83
560
108
70
253
394
647
28
226
353
78
894
783
428
732
419
352
683
97
710
944
236
325
945
121
271
895
699
733
219
823
406
818
464
510
252
580
360
494
649
925
866
800
521
568
450
425
688
452
681
391
116
945
678
832
196
945
267
154
255
301
636
644
147
160
378
786
617
738
771
166
491
410
621
186
800
378
89
490
267
611
71
5
204
716
401
677
784
947
816
742
606
260
800
490
867
722
120
784
970
371
244
226
393
856
423
698
266
778
78
67
239
902
938
266
997
92
906
752
406
223
956
260
743
15
577
442
345
758
560
936
155
768
274
123
761
402
277
721
357
43
227
949
416
429
162
448
566
941
113
788
839
187
678
820
841
44
989
456
874
325
888
822
49
262
6
319
673
662
134
951
968
869
457
521
572
269
706
955
891
797
522
729
717
663
190
583
823
801
53
300
942
378
741
341
350
432
813
684
265
108
319
51
42
895
545
620
453
865
404
250
784
561
516
194
529
968
259
432
911
842
494
742
594
33
595
323
538
307
664
898
394
139
713
894
252
275
692
795
506
399
191
395
839
536
446
426
150
518
897
233
804
895
562
169
804
104
835
23
660
114
335
807
764
953
11
180
269
771
922
517
277
560
525
339
911
907
548
708
656
548
578
180
971
269
994
741
402
62
415
637
42
759
169
436
28
131
314
716
949
194
40
773
279
205
739
556
838
775
434
833
222
904
643
711
825
252
136
98
701
858
709
650
635
233
284
405
890
979
934
370
754
147
254
759
652
434
765
44
816
664
241
555
770
255
609
262
476
785
232
225
446
225
838
500
856
874
928
792
97
159
979
51
995
243
88
888
778
649
633
513
404
375
361
500
792
943
189
921
869
502
738
178
4
337
305
580
151
774
732
174
885
884
551
33
619
17
19
663
233
72
794
868
231
54
8
230
319
251
177
282
506
835
561
286
935
271
712
836
832
357
717
942
790
568
130
449
462
127
183
57
235
746
276
846
77
211
146
354
769
672
181
940
925
490
290
81
903
783
585
613
38
202
595
951
650
194
37
716
321
716
69
695
991
124
759
621
436
460
333
383
632
836
966
710
962
305
296
372
673
579
885
392
66
241
790
141
620
376
186
14
615
30
240
693
123
315
621
545
962
467
375
662
819
773
626
58
755
605
104
606
941
529
382
811
402
101
253
499
166
181
124
150
189
968
752
648
763
865
462
224
192
973
861
398
538
100
143
775
365
462
769
602
778
647
931
883
921
965
988
623
822
515
281
809
957
449
745
474
871
965
104
190
867
668
470
117
518
637
80
637
21
142
204
319
120
111
300
541
636
730
462
339
859
209
852
936
582
867
762
64
490
726
275
19
779
649
631
221
465
720
391
144
560
686
511
325
790
479
626
818
49
28
319
162
261
996
33
52
184
487
637
800
533
428
299
147
225
124
119
773
40
446
120
45
245
831
581
832
620
141
22
58
562
958
733
557
808
774
472
706
94
797
178
8
130
645
520
606
567
299
8
689
609
694
833
744
827
993
63
901
254
922
500
308
523
301
608
793
846
132
78
7
668
10
522
921
927
719
507
219
120
885
569
281
71
638
270
276
524
614
890
752
189
521
406
191
181
165
176
495
888
733
314
837
621
589
895
972
525
166
343
904
951
842
383
300
99
149
37
136
580
828
346
441
442
788
370
85
371
698
37
296
337
243
505
673
847
154
235
300
233
817
425
219
845
560
531
989
627
955
607
489
241
147
960
506
963
287
941
805
616
786
218
125
477
825
839
845
876
317
899
806
692
317
448
297
398
813
616
242
893
709
337
861
849
345
271
409
164
675
706
129
881
934
873
594
262
680
796
854
667
237
495
140
273
627
174
146
653
985
722
553
504
287
693
995
76
429
899
457
495
703
923
811
799
223
577
772
309
10
773
607
620
766
540
701
164
368
641
873
505
575
811
738
287
331
357
356
268
671
198
417
133
334
752
841
812
146
674
251
930
919
857
699
994
799
349
488
237
526
798
160
101
153
649
626
139
648
504
772
574
974
272
658
331
666
221
111
266
109
524
204
518
431
180
70
524
826
634
260
680
490
770
801
89
60
809
183
591
978
499
521
348
730
469
804
324
545
518
320
607
840
270
641
248
751
561
77
672
356
78
618
317
750
858
844
774
705
850
79
435
122
327
812
715
118
646
737
627
460
826
588
430
930
168
908
559
328
799
515
12
613
357
32
397
153
670
295
451
540
5
120
803
270
129
668
775
373
577
449
418
326
998
799
483
370
517
448
556
86
174
127
992
219
578
241
418
761
648
24
318
813
544
456
407
163
856
549
664
355
573
510
815
569
150
586
297
73
202
389
685
530
141
56
870
506
598
459
527
995
208
857
504
179
654
658
910
74
545
992
193
488
371
347
269
854
439
661
529
194
955
935
79
956
235
884
6
69
805
808
133
283
271
211
541
120
397
586
840
844
363
43
794
619
109
307
189
621
351
644
844
69
258
532
756
912
837
118
321
457
774
191
939
179
118
862
751
479
451
857
222
464
539
883
192
959
656
512
130
641
212
346
599
758
92
112
608
573
461
282
519
358
870
130
462
311
349
353
313
760
314
82
126
550
967
468
824
890
94
444
698
462
833
410
655
28
244
563
983
304
246
301
711
55
523
833
348
291
824
165
320
479
699
359
962
842
568
353
989
720
740
72
797
937
644
341
198
472
155
145
86
427
929
851
43
56
213
987
652
593
305
382
44
107
963
363
965
239
200
589
951
64
797
658
39
942
578
797
444
886
313
228
295
860
659
4
699
870
337
965
217
246
692
824
587
117
822
437
266
969
946
311
633
690
245
264
604
693
419
287
956
335
318
651
884
77
827
803
839
455
748
325
523
531
819
968
801
291
277
365
794
878
936
404
124
132
26
744
417
101
278
384
158
987
673
628
934
38
598
938
780
15
415
820
484
453
317
49
335
80
479
29
666
298
848
522
26
716
392
841
481
333
349
193
206
722
57
22
954
747
859
507
944
47
749
646
23
757
896
10
670
973
167
365
489
650
760
586
984
647
635
176
529
687
553
575
888
750
764
909
747
382
742
640
696
396
367
838
540
366
230
603
900
804
804
299
97
120
570
113
637
213
353
500
333
451
984
489
306
736
727
414
409
601
222
795
510
724
901
259
788
821
996
209
430
889
676
492
351
842
707
706
391
329
193
258
85
507
80
127
983
947
909
16
470
870
680
365
62
191
793
329
434
813
24
913
703
141
999
351
754
272
298
588
497
447
226
725
970
932
470
79
599
15
712
778
720
130
652
845
926
810
596
640
638
271
597
629
478
255
89
386
250
597
265
113
486
824
383
424
639
513
607
207
312
177
836
898
427
974
827
509
185
671
781
333
753
709
710
145
732
414
307
2
560
363
710
994
759
359
811
558
664
853
792
568
145
730
691
162
830
91
130
88
675
530
41
515
78
201
961
383
279
730
544
177
1
941
129
246
846
628
215
767
907
515
765
219
194
177
249
368
970
112
989
121
817
332
887
217
209
930
57
583
247
459
347
16
727
387
881
365
655
548
757
955
542
58
500
149
999
562
315
471
17
927
313
414
596
516
554
129
362
407
272
501
112
748
215
572
37
472
206
943
633
171
527
195
60
189
57
92
760
483
313
903
231
339
651
800
323
28
746
61
831
966
846
186
677
309
296
776
988
11
724
583
871
19
738
641
708
157
82
569
18
936
977
377
856
555
187
1
64
298
304
953
557
894
603
243
687
909
924
467
371
154
956
480
596
164
970
272
898
452
296
411
566
168
712
581
498
339
753
583
474
737
625
847
435
908
452
606
414
800
720
375
733
116
257
818
815
478
691
460
837
150
702
900
947
596
259
883
934
455
13
299
329
246
416
331
602
550
10
777
46
1000
82
278
655
748
344
374
196
236
270
874
361
932
102
283
759
757
576
778
121
495
933
223
40
845
63
30
77
540
948
520
412
784
68
328
253
798
751
452
984
131
97
280
738
388
262
717
814
152
729
911
820
704
422
82
119
914
801
770
272
34
496
155
676
454
784
826
37
42
111
594
792
510
514
810
243
347
457
329
520
662
902
51
510
439
882
960
777
354
753
283
514
803
681
259
709
115
857
802
802
576
969
589
469
660
55
366
715
678
778
170
484
91
183
95
43
62
14
463
672
709
341
805
245
133
358
430
967
187
152
298
367
540
202
103
733
731
635
177
795
535
588
405
14
926
324
478
171
31
487
185
958
137
479
96
628
938
654
721
725
399
62
731
883
94
864
644
372
862
188
982
176
979
432
814
8
490
530
654
91
319
439
60
689
429
103
77
803
638
744
42
457
985
54
97
915
922
425
274
296
806
319
82
654
431
105
520
478
496
101
228
923
493
578
936
380
291
868
153
359
383
629
128
717
657
625
931
139
411
320
887
959
728
76
365
292
593
736
737
441
129
835
784
436
750
879
540
859
945
718
450
17
887
56
166
198
993
191
781
377
760
321
162
457
474
779
546
194
905
955
231
429
520
4
894
845
308
207
331
207
113
351
877
335
788
897
848
276
791
400
748
134
612
36
350
969
863
646
613
285
44
980
676
532
950
672
729
681
190
418
593
95
37
903
533
9
313
941
213
972
85
610
734
386
90
748
812
837
231
866
594
466
854
585
966
267
483
808
523
16
402
428
291
409
854
577
151
336
505
894
266
358
359
4
178
20
944
724
401
328
515
426
615
46
1000
606
505
318
668
880
360
745
11
474
162
19
451
488
645
379
284
813
420
218
764
791
802
827
307
800
594
337
841
745
605
543
954
705
509
329
705
281
381
616
39
355
750
972
451
577
905
303
121
428
129
490
401
407
241
130
172
64
608
800
968
240
933
691
396
218
771
317
171
903
35
365
454
127
291
654
189
976
982
412
52
456
694
119
91
594
402
302
685
814
415
527
26
508
233
790
311
295
675
126
694
745
520
473
841
414
203
724
989
340
11
68
373
835
773
825
556
37
979
968
186
471
300
516
383
702
936
966
764
755
107
498
950
152
999
130
886
77
965
693
444
184
103
319
561
541
935
327
791
396
466
418
977
442
188
450
18
488
775
423
69
324
902
820
82
975
844
215
72
550
66
613
43
946
723
172
937
251
552
937
978
751
810
490
818
971
805
650
954
376
793
953
35
501
35
453
367
463
702
239
204
142
420
947
761
151
182
233
823
46
869
945
278
438
645
912
122
828
951
930
933
776
877
506
287
118
918
501
272
247
93
997
579
530
401
958
358
415
79
694
221
855
837
671
383
331
159
221
363
70
84
938
410
239
543
728
844
416
555
491
800
854
619
693
610
412
167
223
491
205
766
968
722
662
39
975
462
277
945
96
98
757
121
286
608
246
40
502
615
602
587
976
736
835
971
394
929
111
894
633
837
157
597
230
198
639
944
249
662
735
911
738
868
102
351
946
744
40
84
135
713
781
832
46
873
237
634
522
470
765
241
191
921
159
950
411
587
817
191
216
414
42
142
386
735
108
992
586
775
234
455
865
146
33
858
518
706
95
462
478
952
596
670
58
977
418
611
687
372
88
226
467
827
11
940
247
452
734
280
872
713
255
9
285
849
137
275
44
32
235
199
465
